
-1390.9723051

0.002,0.001,0.001
0.0,-0.0,0.0
-0.002,-0.001,-0.0
0,0
0.0184815999998591

0.004,0.001,0.001
0.0,-0.0,0.001
-0.004,-0.001,0.0
0,0
0.03475649999995767

0.006,0.002,0.001
0.0,-0.0,0.001
-0.006,-0.002,0.001
0,0
0.05086329999994632

0.009,0.002,0.001
0.0,-0.0,0.002
-0.009,-0.003,0.001
0,0
0.06917320000002292

0.012,0.003,0.001
0.0,-0.001,0.002
-0.012,-0.004,0.001
0,0
0.09244219999982306

0.015,0.004,0.001
0.0,-0.001,0.002
-0.014,-0.005,0.0
0,0
0.10640560000001642

0.016,0.004,0.002
0.0,-0.002,0.002
-0.016,-0.006,0.0
0,0
0.1275630000000092

0.019,0.005,0.002
0.0,-0.003,0.001
-0.019,-0.008,-0.001
0,0
0.18137239999987287

0.023,0.007,0.003
-0.0,-0.003,0.001
-0.023,-0.011,-0.001
0,0
0.2023816999999326

0.025,0.008,0.003
-0.0,-0.004,0.002
-0.025,-0.012,-0.001
0,0
0.21880509999982678

0.026,0.008,0.003
-0.001,-0.005,0.002
-0.027,-0.013,-0.001
0,0
0.24422129999993558

0.027,0.009,0.003
-0.001,-0.005,0.002
-0.028,-0.014,-0.001
0,0
0.26461459999995895

0.028,0.009,0.003
-0.001,-0.005,0.002
-0.029,-0.014,-0.001
0,0
0.2820487999999841

0.029,0.01,0.003
-0.001,-0.005,0.002
-0.03,-0.015,-0.001
0,0
0.30223959999989347

0.03,0.01,0.003
-0.001,-0.005,0.003
-0.031,-0.015,-0.0
0,0
0.3203876999998556

0.031,0.011,0.003
-0.002,-0.005,0.003
-0.032,-0.016,-0.0
0,0
0.3375149999999394

0.032,0.011,0.003
-0.002,-0.005,0.003
-0.033,-0.016,-0.0
0,0
0.35362679999980173

0.033,0.011,0.003
-0.002,-0.006,0.003
-0.035,-0.017,0.0
0,0
0.3734572999999273

0.034,0.012,0.003
-0.002,-0.005,0.003
-0.036,-0.017,0.0
0,0
0.3904222999999547

0.035,0.012,0.003
-0.002,-0.005,0.003
-0.037,-0.017,0.0
0,0
0.4133122999999159

0.036,0.013,0.002
-0.002,-0.005,0.002
-0.038,-0.018,-0.0
0,0
0.42930409999985386

0.036,0.013,0.003
-0.002,-0.005,0.003
-0.039,-0.018,0.0
0,0
0.44635119999998096

0.037,0.013,0.003
-0.002,-0.005,0.003
-0.039,-0.019,-0.0
0,0
0.46249859999988985

0.037,0.013,0.003
-0.002,-0.006,0.002
-0.04,-0.019,-0.0
0,0
0.48015749999990476

0.038,0.014,0.003
-0.003,-0.005,0.002
-0.041,-0.019,-0.001
0,0
0.49754409999991367

0.038,0.014,0.003
-0.003,-0.004,0.001
-0.041,-0.018,-0.002
0,0
0.5154640999999174

0.038,0.014,0.004
-0.003,-0.004,0.002
-0.041,-0.018,-0.002
0,0
0.535711099999844

0.038,0.014,0.004
-0.003,-0.004,0.002
-0.041,-0.019,-0.003
0,0
0.5515200999998342

0.038,0.014,0.005
-0.003,-0.004,0.002
-0.041,-0.019,-0.003
0,0
0.5685088999998698

0.038,0.014,0.005
-0.003,-0.004,0.002
-0.041,-0.018,-0.003
0,0
0.5854883999998037

0.038,0.014,0.006
-0.003,-0.004,0.003
-0.041,-0.018,-0.003
0,0
0.6033641999999872

0.038,0.015,0.006
-0.003,-0.004,0.003
-0.04,-0.018,-0.003
0,0
0.6254807000000255

0.037,0.015,0.007
-0.003,-0.003,0.004
-0.04,-0.018,-0.003
0,0
0.6456614999999601

0.036,0.015,0.008
-0.003,-0.003,0.004
-0.039,-0.017,-0.004
0,0
0.6611973999999918

0.035,0.014,0.009
-0.002,-0.002,0.003
-0.037,-0.016,-0.006
0,0
0.6792844999999943

0.034,0.014,0.01
-0.002,-0.002,0.003
-0.036,-0.016,-0.007
0,0
0.7023255999999947

0.032,0.013,0.012
-0.002,-0.002,0.003
-0.034,-0.015,-0.009
0,0
0.7173978999999235

0.029,0.013,0.013
-0.002,-0.002,0.003
-0.031,-0.015,-0.011
0,0
0.7413177999999334

0.026,0.012,0.017
-0.002,-0.002,0.002
-0.028,-0.014,-0.014
0,0
0.7604833999998846

0.023,0.012,0.019
-0.002,-0.002,0.002
-0.025,-0.014,-0.017
0,0
0.7778380999998262

0.02,0.012,0.023
-0.002,-0.002,0.002
-0.022,-0.014,-0.02
0,0
0.7966954999999416

0.018,0.012,0.026
-0.002,-0.002,0.002
-0.02,-0.014,-0.023
0,0
0.8132728999999017

0.016,0.012,0.03
-0.002,-0.002,0.002
-0.018,-0.014,-0.028
0,0
0.8314070999999785

0.01,0.011,0.039
-0.002,-0.001,0.002
-0.012,-0.012,-0.037
0,0
0.8696165999999721

0.006,0.009,0.044
-0.002,-0.001,0.002
-0.008,-0.01,-0.042
0,0
0.9005162999999357

0.002,0.006,0.048
-0.002,-0.001,0.002
-0.004,-0.007,-0.046
0,0
0.9159135999998398

-0.001,0.003,0.051
-0.002,-0.001,0.002
-0.001,-0.004,-0.049
0,0
0.9386663000000226

-0.005,-0.0,0.053
-0.001,-0.001,0.002
0.003,-0.001,-0.052
0,0
0.9614896999999019

-0.01,-0.005,0.056
-0.001,-0.001,0.002
0.008,0.003,-0.054
0,0
0.979705899999999

-0.013,-0.009,0.057
-0.002,-0.002,0.002
0.012,0.007,-0.055
0,0
0.9996521999999004

-0.015,-0.012,0.059
-0.002,-0.002,0.002
0.014,0.01,-0.057
0,0
1.017516999999998

-0.014,-0.019,0.062
-0.001,-0.002,0.002
0.013,0.017,-0.06
0,0
1.0338024000000132

-0.013,-0.024,0.062
-0.001,-0.002,0.002
0.012,0.022,-0.061
0,0
1.0493437000000085

-0.011,-0.029,0.063
-0.001,-0.001,0.002
0.01,0.027,-0.062
0,0
1.0664904999998726

-0.008,-0.034,0.066
-0.001,-0.001,0.002
0.006,0.033,-0.064
0,0
1.0849005000000034

-0.003,-0.039,0.068
-0.001,-0.001,0.002
0.002,0.038,-0.066
0,0
1.1028552000000218

0.001,-0.043,0.07
-0.001,-0.001,0.002
-0.002,0.042,-0.068
0,0
1.121190200000001

0.003,-0.044,0.072
-0.001,-0.001,0.003
-0.004,0.043,-0.069
0,0
1.13737859999992

0.005,-0.043,0.072
-0.001,-0.001,0.003
-0.006,0.042,-0.069
0,0
1.1522515999999996

0.007,-0.038,0.068
-0.001,-0.001,0.003
-0.008,0.036,-0.066
0,0
1.1906827999998768

0.009,-0.033,0.065
-0.001,-0.002,0.003
-0.01,0.032,-0.062
0,0
1.2317191999998158

0.015,-0.025,0.055
-0.001,-0.002,0.003
-0.016,0.023,-0.052
0,0
1.2512520999998742

0.02,-0.021,0.05
-0.001,-0.002,0.003
-0.02,0.019,-0.047
0,0
1.2684376999998221

0.024,-0.018,0.046
-0.001,-0.003,0.003
-0.025,0.015,-0.042
0,0
1.2852809999999408

0.038,-0.013,0.038
-0.001,-0.003,0.003
-0.039,0.01,-0.035
0,0
1.3225384999998369

0.044,-0.01,0.035
-0.001,-0.003,0.003
-0.045,0.008,-0.032
0,0
1.3397641999999905

0.047,-0.009,0.034
-0.001,-0.003,0.004
-0.048,0.006,-0.03
0,0
1.3566703999999845

0.052,-0.007,0.032
-0.001,-0.003,0.004
-0.053,0.003,-0.028
0,0
1.3924545999998372

0.064,-0.004,0.031
-0.001,-0.003,0.005
-0.065,0.001,-0.026
0,0
1.4114826999998513

0.068,-0.004,0.03
-0.001,-0.003,0.005
-0.069,0.001,-0.025
0,0
1.4277193999998872

0.071,-0.003,0.03
-0.001,-0.003,0.006
-0.073,0.0,-0.025
0,0
1.4423264999998082

0.075,-0.003,0.03
-0.001,-0.003,0.006
-0.076,0.0,-0.025
0,0
1.4638512999999875

0.081,-0.003,0.032
-0.001,-0.003,0.006
-0.082,0.001,-0.026
0,0
1.482040999999981

0.084,-0.004,0.034
-0.001,-0.002,0.006
-0.086,0.001,-0.029
0,0
1.5016064999999799

0.089,-0.005,0.038
-0.001,-0.002,0.005
-0.09,0.003,-0.032
0,0
1.519898099999864

0.096,-0.007,0.044
-0.002,-0.002,0.005
-0.098,0.004,-0.039
0,0
1.5439249999999447

0.105,-0.007,0.05
-0.002,-0.003,0.005
-0.107,0.004,-0.045
0,0
1.5593735999998444

0.113,-0.008,0.064
-0.002,-0.002,0.005
-0.115,0.006,-0.059
0,0
1.5992828999999347

0.117,-0.008,0.07
-0.002,-0.002,0.005
-0.119,0.006,-0.065
0,0
1.6160757000000103

0.119,-0.008,0.077
-0.002,-0.002,0.005
-0.121,0.006,-0.072
0,0
1.632157799999959

0.121,-0.005,0.088
-0.002,-0.002,0.005
-0.123,0.003,-0.083
0,0
1.6712530999998307

0.122,-0.002,0.093
-0.002,-0.002,0.005
-0.124,0.0,-0.088
0,0
1.6859574999998586

0.123,0.001,0.096
-0.001,-0.002,0.005
-0.125,-0.003,-0.091
0,0
1.7043156999998246

0.123,0.011,0.099
-0.001,-0.002,0.005
-0.124,-0.013,-0.094
0,0
1.7204199999998764

0.119,0.028,0.102
-0.001,-0.002,0.005
-0.12,-0.03,-0.097
0,0
1.7407243999998627

0.121,0.032,0.108
-0.001,-0.002,0.005
-0.123,-0.035,-0.103
0,0
1.7576923999999963

0.122,0.04,0.112
-0.001,-0.003,0.005
-0.124,-0.043,-0.108
0,0
1.7755495999999766

0.121,0.051,0.113
-0.001,-0.003,0.004
-0.122,-0.054,-0.109
0,0
1.7987750999998298

0.119,0.065,0.116
-0.001,-0.003,0.005
-0.121,-0.068,-0.111
0,0
1.8143685999998524

0.119,0.072,0.117
-0.001,-0.004,0.005
-0.121,-0.075,-0.113
0,0
1.8306433000000197

0.119,0.079,0.119
-0.002,-0.004,0.005
-0.121,-0.083,-0.114
0,0
1.8488368999999238

0.119,0.083,0.121
-0.002,-0.004,0.005
-0.121,-0.087,-0.115
0,0
1.8664040999999543

0.118,0.085,0.122
-0.002,-0.005,0.006
-0.12,-0.089,-0.116
0,0
1.8834028999999646

0.117,0.085,0.122
-0.002,-0.005,0.006
-0.118,-0.09,-0.116
0,0
1.8990709999998217

0.113,0.084,0.122
-0.002,-0.005,0.006
-0.115,-0.089,-0.116
0,0
1.9153125999998792

0.11,0.083,0.122
-0.002,-0.005,0.006
-0.112,-0.088,-0.116
0,0
1.9331288999999288

0.104,0.081,0.119
-0.002,-0.006,0.007
-0.106,-0.087,-0.113
0,0
1.9510086000000229

0.096,0.079,0.116
-0.002,-0.006,0.006
-0.098,-0.085,-0.109
0,0
1.9663663999999699

0.091,0.077,0.113
-0.002,-0.006,0.006
-0.092,-0.084,-0.107
0,0
1.9833649999998215

0.083,0.074,0.112
-0.002,-0.007,0.006
-0.085,-0.081,-0.105
0,0
2.0017815999999584

0.075,0.071,0.113
-0.002,-0.007,0.007
-0.078,-0.078,-0.106
0,0
2.0212384999999813

0.069,0.067,0.114
-0.002,-0.007,0.006
-0.071,-0.075,-0.108
0,0
2.0373879999999644

0.063,0.065,0.116
-0.002,-0.008,0.006
-0.065,-0.073,-0.11
0,0
2.0606593999998495

0.057,0.065,0.116
-0.003,-0.008,0.007
-0.059,-0.073,-0.109
0,0
2.0839846999999736

0.053,0.062,0.124
-0.003,-0.009,0.006
-0.055,-0.071,-0.118
0,0
2.1012388999999985

0.054,0.062,0.129
-0.003,-0.009,0.006
-0.057,-0.071,-0.123
0,0
2.1161608999998407

0.057,0.061,0.135
-0.003,-0.009,0.006
-0.06,-0.069,-0.129
0,0
2.13341279999986

0.059,0.058,0.146
-0.003,-0.009,0.006
-0.062,-0.067,-0.14
0.178,1.57
3.660222499999918

1.187,0.698,1.199
-0.013,-0.074,0.211
-1.2,-0.772,-0.989
1,3.14
5.193940799999837

1.287,0.0,1.774
-0.023,-0.08,0.266
-1.31,-0.08,-1.508
1,1.57
6.7260989999999765

1.302,0.0,1.985
-0.012,-0.106,0.357
-1.314,-0.106,-1.628
1,1.57
8.251285399999915

1.297,0.0,2.062
-0.0,-0.121,0.451
-1.298,-0.121,-1.611
1,1.57
9.780855999999858

1.302,0.0,2.15
0.033,-0.126,0.555
-1.269,-0.126,-1.595
1,1.57
11.296780399999989

1.301,0.0,2.216
0.041,-0.116,0.609
-1.26,-0.116,-1.608
1,1.57
12.827688599999874

1.303,0.0,2.265
0.045,-0.127,0.635
-1.258,-0.127,-1.63
1,1.57
14.359920999999986

1.298,0.0,2.314
-0.077,-0.077,-0.14
-1.376,-0.077,-2.454
1,1.57
15.877938099999938

0.834,0.412,0.33
0.009,0.022,0.001
-0.825,-0.39,-0.329
0.496,3.14
17.40150709999989

-0.026,0.03,-0.025
0.006,0.022,0.014
0.032,-0.008,0.038
0,0
17.42047189999994

-0.027,0.03,-0.025
0.006,0.022,0.014
0.033,-0.008,0.039
0,0
17.442559999999958

-0.028,0.029,-0.025
0.006,0.022,0.014
0.034,-0.007,0.039
0,0
17.460247699999854

-0.029,0.029,-0.025
0.006,0.022,0.015
0.035,-0.006,0.04
0,0
17.475902199999837

-0.029,0.029,-0.025
0.006,0.023,0.015
0.035,-0.006,0.04
0,0
17.49259919999986

-0.029,0.028,-0.025
0.006,0.023,0.015
0.036,-0.005,0.04
0,0
17.511607599999934

-0.03,0.028,-0.026
0.006,0.023,0.015
0.036,-0.005,0.041
0,0
17.528851399999894

-0.031,0.027,-0.026
0.006,0.023,0.015
0.037,-0.005,0.041
0,0
17.543704899999966

-0.031,0.027,-0.026
0.006,0.022,0.015
0.037,-0.004,0.041
0,0
17.56279380000001

-0.032,0.026,-0.026
0.006,0.022,0.015
0.038,-0.004,0.041
0,0
17.579991599999857

-0.033,0.026,-0.026
0.005,0.022,0.015
0.038,-0.004,0.041
0,0
17.59941209999988

-0.034,0.025,-0.026
0.005,0.022,0.015
0.039,-0.003,0.041
0,0
17.618893500000013

-0.035,0.024,-0.026
0.005,0.022,0.016
0.04,-0.003,0.041
0,0
17.634893799999872

-0.036,0.024,-0.025
0.005,0.022,0.016
0.041,-0.002,0.041
0,0
17.65384069999982

-0.037,0.023,-0.025
0.005,0.021,0.016
0.042,-0.002,0.041
0,0
17.676295199999913

-0.038,0.022,-0.025
0.005,0.021,0.015
0.043,-0.001,0.04
0,0
17.692488499999854

-0.039,0.022,-0.025
0.005,0.021,0.015
0.044,-0.001,0.04
0,0
17.709590199999866

-0.04,0.022,-0.025
0.005,0.022,0.016
0.045,-0.0,0.04
0,0
17.732021499999973

-0.041,0.021,-0.025
0.005,0.021,0.015
0.046,0.0,0.04
0,0
17.751518699999906

-0.042,0.021,-0.025
0.005,0.022,0.015
0.047,0.001,0.04
0,0
17.76763549999987

-0.043,0.021,-0.025
0.005,0.022,0.015
0.048,0.001,0.041
0,0
17.7840091999999

-0.044,0.021,-0.025
0.005,0.023,0.016
0.049,0.002,0.041
0,0
17.820964300000014

-0.046,0.02,-0.025
0.005,0.023,0.016
0.051,0.002,0.041
0,0
17.83853720000002

-0.047,0.02,-0.026
0.005,0.023,0.016
0.051,0.003,0.042
0,0
17.855361199999834

-0.047,0.02,-0.025
0.005,0.024,0.016
0.052,0.004,0.041
0,0
17.87226479999981

-0.048,0.02,-0.025
0.005,0.024,0.016
0.053,0.004,0.041
0,0
17.89016719999995

-0.049,0.02,-0.025
0.005,0.025,0.016
0.054,0.005,0.041
0,0
17.904494699999987

-0.049,0.019,-0.025
0.005,0.025,0.016
0.054,0.006,0.041
0,0
17.92121589999988

-0.049,0.019,-0.025
0.006,0.026,0.017
0.055,0.007,0.041
0,0
17.940260299999863

-0.05,0.019,-0.025
0.006,0.026,0.015
0.056,0.007,0.04
0,0
17.975361999999905

-0.051,0.019,-0.025
0.006,0.027,0.014
0.057,0.007,0.039
0,0
17.991416800000025

-0.051,0.019,-0.024
0.006,0.027,0.014
0.057,0.007,0.038
0,0
18.006390099999862

-0.051,0.02,-0.024
0.006,0.027,0.014
0.057,0.007,0.038
0,0
18.0257517

-0.052,0.02,-0.024
0.006,0.027,0.014
0.058,0.008,0.038
0,0
18.04226749999998

-0.052,0.02,-0.024
0.006,0.028,0.015
0.058,0.008,0.039
0,0
18.057202399999824

-0.052,0.02,-0.024
0.007,0.028,0.016
0.058,0.008,0.04
0,0
18.072243800000024

-0.052,0.02,-0.024
0.007,0.028,0.017
0.059,0.009,0.041
0,0
18.088527699999986

-0.052,0.02,-0.024
0.008,0.028,0.018
0.06,0.009,0.042
0,0
18.104425499999934

-0.052,0.02,-0.024
0.009,0.028,0.018
0.061,0.008,0.042
0,0
18.118792900000017

-0.052,0.02,-0.024
0.01,0.027,0.018
0.062,0.007,0.042
0,0
18.135912499999904

-0.052,0.02,-0.024
0.011,0.027,0.018
0.062,0.007,0.043
0,0
18.14941879999992

-0.051,0.02,-0.025
0.011,0.028,0.019
0.063,0.007,0.043
0,0
18.16687019999995

-0.051,0.021,-0.025
0.012,0.028,0.019
0.063,0.007,0.044
0,0
18.183790199999976

-0.051,0.021,-0.025
0.012,0.028,0.018
0.063,0.007,0.044
0,0
18.20323099999996

-0.051,0.021,-0.026
0.012,0.028,0.017
0.063,0.007,0.043
0,0
18.21741259999999

-0.051,0.021,-0.026
0.012,0.028,0.017
0.064,0.007,0.043
0,0
18.237267999999858

-0.051,0.021,-0.026
0.012,0.028,0.017
0.064,0.008,0.043
0,0
18.253422799999953

-0.051,0.021,-0.026
0.013,0.028,0.017
0.064,0.008,0.043
0,0
18.270410999999967

-0.052,0.02,-0.026
0.013,0.029,0.016
0.064,0.008,0.042
0,0
18.2914217

-0.052,0.02,-0.026
0.012,0.029,0.016
0.064,0.009,0.042
0,0
18.308257700000013

-0.052,0.02,-0.026
0.012,0.029,0.016
0.065,0.009,0.042
0,0
18.32781799999998

-0.053,0.02,-0.026
0.013,0.03,0.017
0.065,0.01,0.043
0,0
18.350853099999995

-0.053,0.019,-0.026
0.013,0.03,0.018
0.066,0.01,0.043
0,0
18.367516199999955

-0.054,0.019,-0.026
0.013,0.03,0.017
0.067,0.011,0.043
0,0
18.384600799999816

-0.054,0.019,-0.026
0.013,0.03,0.018
0.067,0.011,0.044
0,0
18.401443099999824

-0.054,0.019,-0.025
0.013,0.029,0.019
0.067,0.011,0.044
0,0
18.418020599999863

-0.054,0.019,-0.025
0.014,0.029,0.019
0.068,0.01,0.044
0,0
18.43365619999986

-0.054,0.018,-0.025
0.014,0.029,0.02
0.068,0.011,0.044
0,0
18.45579079999993

-0.055,0.018,-0.024
0.014,0.029,0.019
0.068,0.011,0.044
0,0
18.472237999999834

-0.055,0.018,-0.024
0.013,0.029,0.019
0.068,0.011,0.043
0,0
18.48875750000002

-0.055,0.018,-0.024
0.014,0.029,0.018
0.069,0.011,0.042
0,0
18.506482000000005

-0.055,0.018,-0.024
0.014,0.028,0.018
0.069,0.01,0.041
0,0
18.52213729999994

-0.055,0.018,-0.023
0.013,0.027,0.018
0.069,0.009,0.041
0,0
18.54850109999984

-0.056,0.018,-0.023
0.013,0.026,0.018
0.068,0.008,0.041
0,0
18.571728799999846

-0.056,0.018,-0.022
0.012,0.025,0.018
0.068,0.007,0.041
0,0
18.58861849999994

-0.056,0.018,-0.022
0.012,0.025,0.019
0.068,0.007,0.041
0,0
18.605817099999967

-0.056,0.018,-0.022
0.011,0.024,0.021
0.067,0.006,0.043
0,0
18.642672100000027

-0.056,0.018,-0.022
0.011,0.023,0.021
0.067,0.005,0.044
0,0
18.659527000000026

-0.056,0.018,-0.022
0.01,0.023,0.022
0.066,0.006,0.044
0,0
18.68149399999993

-0.056,0.018,-0.023
0.009,0.023,0.023
0.065,0.006,0.045
0,0
18.717456699999957

-0.056,0.017,-0.023
0.009,0.023,0.023
0.065,0.006,0.046
0,0
18.73525319999999

-0.056,0.017,-0.023
0.008,0.022,0.024
0.064,0.005,0.047
0,0
18.778263199999856

-0.056,0.017,-0.023
0.008,0.022,0.025
0.064,0.005,0.048
0,0
18.798040799999853

-0.056,0.017,-0.023
0.008,0.023,0.025
0.064,0.006,0.048
0,0
18.813732699999946

-0.056,0.017,-0.023
0.008,0.024,0.025
0.064,0.007,0.048
0,0
18.8298749999999

-0.056,0.016,-0.023
0.009,0.026,0.025
0.065,0.009,0.048
0,0
18.873632199999975

-0.057,0.016,-0.023
0.01,0.028,0.024
0.067,0.012,0.047
0,0
18.91380479999998

-0.057,0.016,-0.023
0.01,0.028,0.024
0.068,0.012,0.047
0,0
18.930315099999916

-0.057,0.016,-0.023
0.011,0.027,0.025
0.068,0.012,0.047
0,0
18.948449699999856

-0.058,0.016,-0.023
0.011,0.027,0.025
0.069,0.011,0.047
0,0
18.969398499999897

-0.058,0.016,-0.023
0.011,0.027,0.024
0.069,0.011,0.047
0,0
18.991519799999878

-0.058,0.016,-0.023
0.011,0.027,0.024
0.069,0.011,0.047
0,0
19.009468999999854

-0.058,0.016,-0.023
0.011,0.027,0.025
0.069,0.011,0.048
0,0
19.026277899999968

-0.057,0.016,-0.024
0.011,0.027,0.025
0.069,0.011,0.049
0,0
19.0423902

-0.057,0.017,-0.024
0.011,0.027,0.026
0.068,0.011,0.051
0,0
19.060723599999847

-0.056,0.017,-0.025
0.011,0.027,0.027
0.067,0.01,0.052
0,0
19.078629699999965

-0.056,0.017,-0.025
0.011,0.027,0.027
0.067,0.01,0.053
0,0
19.103439099999832

-0.056,0.018,-0.027
0.011,0.027,0.028
0.066,0.009,0.055
0,0
19.12038819999998

-0.056,0.018,-0.027
0.01,0.027,0.028
0.066,0.009,0.055
0,0
19.13631569999984

-0.056,0.018,-0.026
0.01,0.027,0.027
0.066,0.009,0.054
0,0
19.159763799999837

-0.062,0.018,-0.033
0.009,0.027,0.025
0.072,0.009,0.058
0,0
19.175383499999953

-0.065,0.017,-0.033
0.009,0.028,0.023
0.074,0.011,0.056
0,0
19.193703299999925

-0.065,0.016,-0.03
0.009,0.029,0.021
0.074,0.013,0.051
0,0
19.211773199999925

-0.065,0.016,-0.028
0.01,0.031,0.017
0.075,0.015,0.045
0,0
19.233156899999813

-0.066,0.015,-0.028
0.011,0.033,0.014
0.077,0.018,0.041
0,0
19.24940159999983

-0.065,0.015,-0.024
0.011,0.035,0.01
0.076,0.02,0.034
0,0
19.267842799999926

-0.063,0.014,-0.021
0.013,0.037,0.005
0.075,0.023,0.026
0,0
19.2867882999999

-0.061,0.014,-0.018
0.014,0.04,-0.0
0.075,0.026,0.018
0,0
19.303621999999905

-0.057,0.013,-0.013
0.015,0.042,-0.006
0.072,0.03,0.007
0,0
19.322489299999916

-0.053,0.012,-0.009
0.015,0.043,-0.016
0.068,0.031,-0.006
0,0
19.339789399999972

-0.049,0.012,-0.007
0.015,0.043,-0.022
0.064,0.031,-0.016
0,0
19.35540789999982

-0.048,0.012,-0.006
0.015,0.044,-0.029
0.063,0.031,-0.023
0,0
19.374483099999907

-0.047,0.013,-0.006
0.016,0.045,-0.039
0.062,0.033,-0.032
0,0
19.392747199999803

-0.044,0.013,-0.006
0.017,0.047,-0.044
0.061,0.034,-0.038
0,0
19.410609000000022

-0.042,0.014,-0.005
0.017,0.049,-0.051
0.059,0.035,-0.046
0,0
19.4273040999999

-0.042,0.014,-0.006
0.018,0.051,-0.056
0.06,0.036,-0.051
0,0
19.446789299999864

-0.042,0.014,-0.006
0.023,0.059,-0.06
0.065,0.045,-0.054
0,0
19.468494999999848

-0.043,0.014,-0.005
0.027,0.066,-0.065
0.07,0.052,-0.059
0,0
19.48540449999996

-0.048,0.015,-0.01
0.03,0.072,-0.069
0.077,0.057,-0.059
0,0
19.501533599999902

-0.052,0.015,-0.014
0.033,0.079,-0.075
0.085,0.064,-0.062
0,0
19.518276399999877

-0.053,0.013,-0.011
0.037,0.084,-0.082
0.09,0.071,-0.07
0,0
19.53844459999982

-0.055,0.012,-0.009
0.041,0.088,-0.089
0.095,0.076,-0.08
0,0
19.55459810000002

-0.058,0.013,-0.014
0.044,0.091,-0.095
0.102,0.079,-0.081
0,0
19.573453199999904

-0.061,0.013,-0.017
0.047,0.094,-0.1
0.108,0.081,-0.082
0,0
19.593444499999805

-0.062,0.013,-0.016
0.049,0.096,-0.103
0.111,0.083,-0.087
0,0
19.608487999999852

-0.06,0.013,-0.013
0.052,0.098,-0.108
0.112,0.084,-0.095
0,0
19.627467599999818

-0.059,0.014,-0.01
0.053,0.099,-0.111
0.112,0.085,-0.102
0,0
19.644627499999842

-0.056,0.014,-0.007
0.055,0.1,-0.117
0.112,0.086,-0.11
0,0
19.662379799999826

-0.054,0.014,-0.005
0.06,0.107,-0.124
0.114,0.093,-0.12
0,0
19.701676299999917

-0.049,0.014,0.0
0.062,0.11,-0.125
0.111,0.096,-0.125
0,0
19.720587199999954

-0.047,0.014,0.002
0.064,0.114,-0.127
0.111,0.099,-0.128
0,0
19.7384634

-0.045,0.014,0.003
0.066,0.116,-0.128
0.111,0.102,-0.132
0.167,1.57
21.267952400000013

0.001,0.028,0.011
0.028,0.084,-0.163
0.027,0.056,-0.174
0.222,1.57
22.78894839999998

0.026,0.033,0.021
0.155,0.242,-0.056
0.129,0.209,-0.078
0.267,6.28
24.317011899999898

0.029,0.034,0.026
-0.014,-0.002,0.071
-0.042,-0.036,0.045
0,0
24.33218869999996

0.029,0.034,0.026
-0.014,-0.002,0.071
-0.043,-0.036,0.045
0,0
24.3577221999999

0.029,0.034,0.027
-0.015,-0.002,0.071
-0.043,-0.036,0.045
0,0
24.37938680000002

0.028,0.034,0.027
-0.015,-0.002,0.071
-0.043,-0.036,0.044
0,0
24.3944062999999

0.028,0.034,0.027
-0.015,-0.003,0.071
-0.043,-0.036,0.044
0,0
24.414189999999962

0.028,0.034,0.028
-0.015,-0.003,0.071
-0.043,-0.037,0.044
0,0
24.436290799999824

0.028,0.034,0.028
-0.016,-0.003,0.071
-0.043,-0.037,0.043
0,0
24.452385999999933

0.028,0.034,0.028
-0.016,-0.003,0.071
-0.044,-0.037,0.043
0,0
24.469815700000026

0.028,0.034,0.028
-0.016,-0.003,0.071
-0.044,-0.037,0.043
0,0
24.485266899999942

0.028,0.034,0.028
-0.017,-0.003,0.071
-0.045,-0.037,0.044
0,0
24.503724799999873

0.028,0.034,0.028
-0.017,-0.003,0.071
-0.045,-0.037,0.044
0,0
24.52107839999985

0.028,0.034,0.027
-0.017,-0.003,0.071
-0.046,-0.037,0.044
0,0
24.53948689999993

0.028,0.033,0.027
-0.018,-0.003,0.071
-0.046,-0.036,0.044
0,0
24.5572952

0.028,0.033,0.027
-0.018,-0.003,0.071
-0.046,-0.036,0.044
0,0
24.57333289999997

0.028,0.033,0.027
-0.018,-0.003,0.071
-0.046,-0.036,0.044
0,0
24.588334899999836

0.028,0.032,0.027
-0.018,-0.003,0.071
-0.046,-0.035,0.044
0,0
24.604314699999804

0.028,0.032,0.027
-0.018,-0.003,0.071
-0.046,-0.035,0.044
0,0
24.621292599999833

0.028,0.032,0.026
-0.018,-0.002,0.07
-0.046,-0.034,0.044
0,0
24.640350099999978

0.028,0.032,0.026
-0.018,-0.002,0.07
-0.046,-0.033,0.044
0,0
24.658292599999868

0.028,0.031,0.026
-0.018,-0.001,0.07
-0.046,-0.033,0.044
0,0
24.674279899999874

0.028,0.031,0.026
-0.018,-0.0,0.07
-0.045,-0.032,0.044
0,0
24.69344009999986

0.027,0.031,0.026
-0.018,0.0,0.07
-0.045,-0.031,0.044
0,0
24.709622799999806

0.027,0.031,0.026
-0.018,0.001,0.069
-0.045,-0.03,0.044
0,0
24.72841489999996

0.027,0.03,0.026
-0.018,0.002,0.069
-0.045,-0.029,0.043
0,0
24.74814779999997

0.027,0.03,0.026
-0.018,0.002,0.069
-0.045,-0.028,0.043
0,0
24.76112309999985

0.027,0.03,0.026
-0.018,0.003,0.068
-0.045,-0.026,0.042
0,0
24.78037899999981

0.026,0.029,0.026
-0.018,0.004,0.068
-0.044,-0.025,0.042
0,0
24.799824899999976

0.026,0.029,0.026
-0.018,0.005,0.068
-0.044,-0.024,0.041
0,0
24.819150099999888

0.026,0.029,0.026
-0.018,0.006,0.067
-0.044,-0.022,0.041
0,0
24.833183499999905

0.026,0.028,0.026
-0.018,0.007,0.067
-0.045,-0.021,0.041
0,0
24.848257599999897

0.026,0.028,0.026
-0.018,0.009,0.067
-0.045,-0.019,0.041
0,0
24.87226119999991

0.027,0.027,0.026
-0.018,0.01,0.067
-0.045,-0.017,0.041
0,0
24.886460999999827

0.027,0.027,0.026
-0.018,0.011,0.067
-0.045,-0.016,0.041
0,0
24.904316199999812

0.028,0.026,0.026
-0.018,0.013,0.067
-0.046,-0.013,0.041
0,0
24.92250379999996

0.028,0.025,0.025
-0.018,0.015,0.067
-0.047,-0.01,0.042
0,0
24.940726399999903

0.029,0.024,0.025
-0.019,0.018,0.067
-0.048,-0.006,0.042
0,0
24.95729819999997

0.03,0.023,0.025
-0.019,0.021,0.067
-0.049,-0.002,0.042
0,0
24.976175899999816

0.032,0.022,0.026
-0.02,0.025,0.068
-0.052,0.003,0.042
0,0
24.994507599999906

0.033,0.021,0.027
-0.021,0.029,0.069
-0.054,0.008,0.042
0,0
25.008234899999934

0.034,0.02,0.028
-0.022,0.034,0.071
-0.056,0.014,0.043
0,0
25.025465899999972

0.036,0.018,0.03
-0.022,0.037,0.073
-0.058,0.02,0.043
0,0
25.042350399999805

0.037,0.016,0.031
-0.023,0.043,0.076
-0.06,0.027,0.045
0,0
25.059448900000007

0.039,0.014,0.032
-0.025,0.054,0.081
-0.064,0.04,0.049
0,0
25.09699519999981

0.043,0.009,0.032
-0.026,0.06,0.083
-0.069,0.051,0.051
0,0
25.113542299999835

0.045,0.005,0.032
-0.027,0.065,0.085
-0.072,0.059,0.053
0,0
25.13107489999993

0.048,0.002,0.033
-0.028,0.071,0.088
-0.076,0.069,0.055
0,0
25.14670359999991

0.049,-0.001,0.033
-0.029,0.076,0.089
-0.078,0.077,0.056
0,0
25.164209599999822

0.052,-0.004,0.033
-0.031,0.09,0.093
-0.083,0.094,0.06
0,0
25.200901499999873

0.059,-0.014,0.034
-0.033,0.098,0.095
-0.092,0.112,0.061
0,0
25.21686449999993

0.063,-0.021,0.034
-0.023,0.104,0.085
-0.086,0.124,0.051
0,0
25.252491399999826

0.074,-0.037,0.035
-0.018,0.106,0.082
-0.092,0.143,0.047
0.183,6.28
26.779606899999862

0.599,-0.163,0.045
0.09,0.4,0.017
-0.509,0.563,-0.028
0.716,6.28
28.299201699999912

0.661,-0.161,0.04
-0.002,-0.016,0.064
-0.664,0.145,0.024
0.185,6.28
29.825906399999894

0.682,-0.17,0.036
-0.122,-0.475,0.245
-0.804,-0.305,0.209
0.388,3.14
31.355268299999807

0.69,-0.171,0.037
-0.077,-0.281,0.184
-0.767,-0.11,0.147
0.187,4.71
32.88340199999993

0.683,-0.174,0.031
-0.067,-0.271,0.224
-0.75,-0.098,0.193
0.246,4.71
34.40498719999982

0.697,-0.178,0.032
-0.04,-0.239,0.266
-0.737,-0.061,0.235
0.299,4.71
35.93160369999987

0.707,-0.178,0.035
-0.072,-0.226,0.149
-0.779,-0.048,0.114
0,0
35.948776099999805

0.707,-0.177,0.035
-0.071,-0.225,0.149
-0.778,-0.048,0.114
0,0
35.9668936999999

0.707,-0.177,0.035
-0.071,-0.225,0.149
-0.777,-0.048,0.114
0,0
35.9885691999998

0.707,-0.177,0.035
-0.07,-0.225,0.149
-0.777,-0.049,0.114
0,0
36.00750229999994

0.707,-0.176,0.035
-0.069,-0.225,0.149
-0.776,-0.049,0.114
0,0
36.045601199999965

0.707,-0.177,0.035
-0.069,-0.226,0.15
-0.776,-0.049,0.114
0,0
36.08354369999984

0.707,-0.177,0.035
-0.069,-0.226,0.15
-0.775,-0.048,0.114
0,0
36.09945149999999

0.707,-0.177,0.035
-0.069,-0.226,0.149
-0.775,-0.048,0.114
0,0
36.1163638999999

0.707,-0.177,0.036
-0.068,-0.226,0.149
-0.775,-0.049,0.114
0,0
36.13645909999991

0.707,-0.177,0.036
-0.068,-0.226,0.149
-0.775,-0.049,0.113
0,0
36.153328599999895

0.707,-0.177,0.036
-0.068,-0.226,0.148
-0.775,-0.049,0.112
0,0
36.191569699999945

0.707,-0.177,0.036
-0.068,-0.226,0.147
-0.775,-0.05,0.111
0,0
36.21037519999982

0.707,-0.177,0.036
-0.068,-0.227,0.146
-0.775,-0.05,0.111
0,0
36.22852839999996

0.707,-0.176,0.036
-0.068,-0.227,0.145
-0.775,-0.05,0.109
0,0
36.265826599999855

0.707,-0.177,0.035
-0.068,-0.226,0.144
-0.775,-0.05,0.109
0,0
36.28344849999985

0.707,-0.177,0.035
-0.068,-0.226,0.144
-0.775,-0.05,0.109
0,0
36.299930599999925

0.707,-0.177,0.035
-0.068,-0.226,0.143
-0.775,-0.05,0.107
0,0
36.316879399999834

0.706,-0.177,0.035
-0.069,-0.227,0.14
-0.775,-0.05,0.106
0,0
36.35376509999992

0.706,-0.177,0.035
-0.069,-0.227,0.139
-0.776,-0.05,0.104
0,0
36.37142719999997

0.707,-0.177,0.035
-0.07,-0.226,0.136
-0.776,-0.049,0.102
0,0
36.39278730000001

0.706,-0.177,0.034
-0.07,-0.226,0.134
-0.776,-0.049,0.1
0,0
36.41276649999986

0.706,-0.177,0.034
-0.07,-0.226,0.132
-0.776,-0.049,0.098
0,0
36.43061399999988

0.706,-0.176,0.034
-0.07,-0.226,0.129
-0.776,-0.05,0.094
0,0
36.46570269999984

0.706,-0.176,0.034
-0.071,-0.226,0.127
-0.776,-0.049,0.093
0,0
36.4843507999999

0.706,-0.177,0.034
-0.071,-0.225,0.126
-0.776,-0.049,0.092
0,0
36.503142000000025

0.705,-0.177,0.033
-0.071,-0.223,0.124
-0.776,-0.047,0.091
0,0
36.54794149999998

0.705,-0.177,0.033
-0.071,-0.223,0.123
-0.776,-0.046,0.09
0,0
36.567497399999866

0.705,-0.176,0.033
-0.071,-0.222,0.123
-0.776,-0.046,0.09
0,0
36.58575019999989

0.705,-0.176,0.033
-0.071,-0.222,0.122
-0.776,-0.046,0.09
0,0
36.604466799999955

0.705,-0.176,0.033
-0.071,-0.221,0.123
-0.776,-0.046,0.09
0,0
36.62256319999983

0.705,-0.176,0.033
-0.07,-0.221,0.123
-0.776,-0.045,0.09
0,0
36.64043719999995

0.705,-0.176,0.032
-0.07,-0.221,0.123
-0.775,-0.045,0.091
0,0
36.657625099999905

0.705,-0.176,0.032
-0.07,-0.221,0.123
-0.775,-0.045,0.091
0,0
36.677682099999856

0.705,-0.176,0.032
-0.069,-0.221,0.124
-0.774,-0.045,0.091
0,0
36.70040709999989

0.705,-0.176,0.032
-0.069,-0.221,0.124
-0.774,-0.045,0.092
0,0
36.719899399999804

0.704,-0.176,0.032
-0.068,-0.22,0.127
-0.772,-0.044,0.095
0,0
36.758501799999976

0.704,-0.176,0.033
-0.068,-0.22,0.129
-0.771,-0.044,0.096
0,0
36.77749109999991

0.703,-0.175,0.033
-0.067,-0.22,0.132
-0.77,-0.044,0.099
0,0
36.81408149999993

0.703,-0.175,0.034
-0.066,-0.219,0.134
-0.769,-0.045,0.1
0,0
36.83633379999992

0.703,-0.175,0.034
-0.066,-0.22,0.135
-0.769,-0.045,0.101
0,0
36.85145229999989

0.703,-0.174,0.034
-0.066,-0.22,0.135
-0.769,-0.046,0.101
0,0
36.86939489999986

0.703,-0.174,0.034
-0.066,-0.221,0.136
-0.769,-0.047,0.102
0,0
36.886518199999955

0.703,-0.174,0.034
-0.066,-0.222,0.137
-0.769,-0.048,0.102
0,0
36.904359299999896

0.703,-0.174,0.034
-0.066,-0.222,0.137
-0.769,-0.048,0.103
0,0
36.9184808

0.703,-0.174,0.034
-0.067,-0.223,0.138
-0.77,-0.049,0.104
0,0
36.93630259999986

0.704,-0.174,0.034
-0.067,-0.223,0.138
-0.771,-0.049,0.104
0,0
36.95449379999991

0.704,-0.174,0.034
-0.067,-0.224,0.139
-0.771,-0.049,0.104
0,0
36.970488799999885

0.704,-0.174,0.034
-0.068,-0.224,0.139
-0.772,-0.05,0.105
0,0
36.98589079999988

0.704,-0.174,0.034
-0.068,-0.224,0.139
-0.772,-0.05,0.105
0,0
37.00245509999991

0.705,-0.175,0.034
-0.068,-0.225,0.139
-0.773,-0.05,0.105
0,0
37.02035519999981

0.705,-0.175,0.034
-0.068,-0.224,0.14
-0.773,-0.049,0.106
0,0
37.0381703999999

0.706,-0.175,0.034
-0.068,-0.223,0.141
-0.774,-0.048,0.107
0,0
37.074304900000016

0.706,-0.175,0.034
-0.067,-0.223,0.142
-0.774,-0.048,0.107
0,0
37.09356309999998

0.707,-0.175,0.035
-0.067,-0.223,0.142
-0.773,-0.049,0.107
0,0
37.11197029999994

0.707,-0.174,0.036
-0.067,-0.223,0.142
-0.774,-0.049,0.106
0,0
37.131432700000005

0.708,-0.174,0.037
-0.067,-0.223,0.142
-0.775,-0.049,0.105
0,0
37.154317399999854

0.709,-0.174,0.037
-0.066,-0.222,0.142
-0.776,-0.048,0.105
0,0
37.17354999999998

0.71,-0.175,0.036
-0.066,-0.222,0.142
-0.776,-0.046,0.105
0,0
37.189594199999874

0.711,-0.177,0.036
-0.066,-0.221,0.142
-0.777,-0.044,0.106
0,0
37.20726239999999

0.712,-0.178,0.035
-0.066,-0.22,0.142
-0.778,-0.042,0.106
0,0
37.22317739999994

0.713,-0.179,0.035
-0.066,-0.219,0.141
-0.779,-0.04,0.106
0,0
37.24441890000003

0.714,-0.18,0.036
-0.066,-0.218,0.141
-0.779,-0.039,0.105
0,0
37.25951309999982

0.714,-0.18,0.035
-0.066,-0.218,0.14
-0.779,-0.038,0.105
0,0
37.27637570000002

0.713,-0.18,0.035
-0.066,-0.217,0.139
-0.779,-0.037,0.104
0,0
37.31292109999981

0.712,-0.18,0.034
-0.066,-0.216,0.139
-0.777,-0.037,0.104
0,0
37.33717899999988

0.711,-0.179,0.034
-0.066,-0.216,0.139
-0.777,-0.037,0.104
0,0
37.35725609999986

0.71,-0.178,0.035
-0.066,-0.215,0.138
-0.776,-0.037,0.104
0,0
37.37521099999981

0.71,-0.177,0.035
-0.066,-0.215,0.138
-0.776,-0.038,0.103
0,0
37.38956510000003

0.709,-0.177,0.035
-0.066,-0.215,0.138
-0.775,-0.038,0.103
0,0
37.40663239999981

0.709,-0.176,0.035
-0.065,-0.214,0.138
-0.775,-0.038,0.103
0,0
37.42499839999982

0.709,-0.176,0.035
-0.065,-0.214,0.138
-0.774,-0.038,0.103
0,0
37.44847529999993

0.709,-0.176,0.035
-0.065,-0.213,0.139
-0.774,-0.038,0.104
0,0
37.464698

0.709,-0.175,0.035
-0.065,-0.213,0.139
-0.773,-0.038,0.104
0,0
37.48376459999986

0.709,-0.175,0.036
-0.064,-0.213,0.139
-0.773,-0.038,0.103
0,0
37.50128719999998

0.709,-0.175,0.037
-0.064,-0.213,0.14
-0.773,-0.038,0.103
0,0
37.517600799999855

0.71,-0.174,0.037
-0.064,-0.213,0.14
-0.773,-0.039,0.103
0,0
37.53539260000002

0.71,-0.174,0.038
-0.064,-0.213,0.14
-0.774,-0.039,0.102
0,0
37.55230929999993

0.71,-0.174,0.038
-0.064,-0.214,0.141
-0.774,-0.04,0.103
0,0
37.570461199999954

0.711,-0.174,0.038
-0.064,-0.214,0.141
-0.774,-0.04,0.103
0,0
37.59323749999999

0.712,-0.175,0.038
-0.064,-0.215,0.141
-0.775,-0.04,0.103
0,0
37.61891479999986

0.712,-0.175,0.038
-0.064,-0.216,0.142
-0.776,-0.041,0.103
0,0
37.63777149999987

0.712,-0.176,0.038
-0.064,-0.216,0.142
-0.776,-0.041,0.104
0,0
37.65347689999999

0.713,-0.176,0.038
-0.064,-0.217,0.142
-0.777,-0.041,0.104
0,0
37.668462699999964

0.713,-0.176,0.038
-0.064,-0.217,0.142
-0.777,-0.041,0.104
0,0
37.68639710000002

0.713,-0.176,0.039
-0.064,-0.218,0.143
-0.777,-0.042,0.104
0,0
37.70632469999987

0.713,-0.176,0.039
-0.064,-0.218,0.143
-0.777,-0.042,0.104
0,0
37.721331099999816

0.713,-0.175,0.039
-0.064,-0.219,0.144
-0.777,-0.043,0.105
0,0
37.75963129999991

0.714,-0.175,0.04
-0.064,-0.219,0.144
-0.779,-0.044,0.104
0,0
37.77443339999991

0.715,-0.175,0.04
-0.064,-0.22,0.144
-0.779,-0.045,0.104
0,0
37.79284429999984

0.715,-0.175,0.04
-0.065,-0.221,0.145
-0.779,-0.046,0.105
0,0
37.81166129999997

0.715,-0.176,0.039
-0.065,-0.221,0.145
-0.779,-0.046,0.105
0,0
37.83134309999991

0.715,-0.176,0.039
-0.065,-0.222,0.145
-0.78,-0.046,0.106
0,0
37.85558179999998

0.715,-0.175,0.04
-0.065,-0.223,0.145
-0.78,-0.047,0.106
0,0
37.87712609999994

0.715,-0.174,0.04
-0.065,-0.223,0.145
-0.78,-0.049,0.105
0,0
37.896187199999986

0.715,-0.174,0.04
-0.066,-0.224,0.146
-0.78,-0.05,0.105
0,0
37.912416499999836

0.715,-0.174,0.04
-0.066,-0.224,0.146
-0.781,-0.05,0.106
0,0
37.93141129999981

0.715,-0.174,0.04
-0.066,-0.224,0.146
-0.781,-0.05,0.106
0,0
37.94980369999985

0.715,-0.174,0.039
-0.066,-0.224,0.146
-0.781,-0.05,0.107
0,0
37.967427199999975

0.715,-0.175,0.038
-0.066,-0.224,0.146
-0.781,-0.05,0.108
0,0
37.98386699999992

0.714,-0.174,0.038
-0.067,-0.224,0.147
-0.781,-0.05,0.108
0,0
38.00135230000001

0.714,-0.173,0.039
-0.067,-0.224,0.147
-0.78,-0.051,0.108
0,0
38.01648030000001

0.714,-0.172,0.039
-0.067,-0.224,0.146
-0.781,-0.052,0.107
0,0
38.03237749999994

0.713,-0.171,0.04
-0.067,-0.225,0.146
-0.78,-0.054,0.106
0,0
38.07167209999989

0.713,-0.171,0.041
-0.067,-0.226,0.146
-0.78,-0.055,0.106
0,0
38.08962859999997

0.713,-0.171,0.04
-0.067,-0.226,0.146
-0.781,-0.055,0.106
0,0
38.10449319999998

0.713,-0.171,0.04
-0.067,-0.226,0.146
-0.781,-0.055,0.106
0,0
38.12353589999998

0.713,-0.171,0.039
-0.067,-0.226,0.146
-0.781,-0.055,0.107
0,0
38.15893889999984

0.713,-0.172,0.038
-0.068,-0.226,0.146
-0.78,-0.054,0.108
0,0
38.17790209999998

0.713,-0.173,0.038
-0.068,-0.226,0.146
-0.78,-0.053,0.108
0,0
38.19520289999991

0.713,-0.173,0.038
-0.068,-0.226,0.146
-0.781,-0.053,0.108
0,0
38.21797179999999

0.713,-0.174,0.038
-0.068,-0.226,0.146
-0.781,-0.052,0.108
0,0
38.23547889999986

0.713,-0.174,0.037
-0.068,-0.226,0.145
-0.781,-0.052,0.108
0,0
38.25361750000002

0.712,-0.175,0.037
-0.068,-0.226,0.145
-0.78,-0.052,0.108
0,0
38.270377499999995

0.712,-0.174,0.038
-0.068,-0.227,0.145
-0.78,-0.052,0.107
0,0
38.31063210000002

0.712,-0.174,0.038
-0.068,-0.227,0.145
-0.78,-0.053,0.107
0,0
38.32654200000002

0.712,-0.174,0.038
-0.068,-0.227,0.144
-0.78,-0.053,0.106
0,0
38.34489519999988

0.711,-0.174,0.037
-0.068,-0.228,0.144
-0.779,-0.054,0.107
0,0
38.362210300000015

0.71,-0.175,0.037
-0.068,-0.228,0.144
-0.779,-0.053,0.108
0,0
38.37835929999983

0.71,-0.175,0.036
-0.069,-0.228,0.144
-0.778,-0.053,0.108
0,0
38.39361799999983

0.709,-0.175,0.036
-0.069,-0.228,0.144
-0.778,-0.053,0.109
0,0
38.41423229999987

0.709,-0.175,0.036
-0.069,-0.228,0.145
-0.778,-0.053,0.109
0,0
38.43193199999996

0.709,-0.175,0.036
-0.069,-0.228,0.145
-0.778,-0.053,0.109
0,0
38.4483522999999

0.709,-0.175,0.036
-0.069,-0.228,0.145
-0.777,-0.053,0.109
0,0
38.466001300000016

0.708,-0.175,0.036
-0.069,-0.228,0.145
-0.777,-0.053,0.109
0,0
38.483693899999935

0.708,-0.175,0.037
-0.069,-0.228,0.145
-0.777,-0.053,0.108
0,0
38.50090579999983

0.709,-0.175,0.038
-0.069,-0.229,0.145
-0.777,-0.054,0.107
0,0
38.51884519999999

0.709,-0.174,0.038
-0.068,-0.229,0.145
-0.777,-0.055,0.107
0,0
38.53536569999983

0.708,-0.174,0.039
-0.068,-0.229,0.145
-0.777,-0.056,0.107
0,0
38.555474300000014

0.708,-0.174,0.039
-0.068,-0.229,0.145
-0.777,-0.056,0.106
0,0
38.571826599999895

0.708,-0.174,0.039
-0.068,-0.23,0.145
-0.776,-0.056,0.106
0,0
38.58844309999995

0.708,-0.174,0.039
-0.068,-0.23,0.145
-0.776,-0.056,0.106
0,0
38.60944319999999

0.708,-0.173,0.039
-0.068,-0.23,0.146
-0.776,-0.057,0.107
0,0
38.62465239999983

0.708,-0.173,0.039
-0.068,-0.23,0.146
-0.776,-0.057,0.107
0,0
38.64030119999984

0.707,-0.174,0.038
-0.068,-0.23,0.146
-0.776,-0.057,0.107
0,0
38.65647679999984

0.707,-0.174,0.038
-0.068,-0.23,0.146
-0.776,-0.056,0.108
0,0
38.67365380000001

0.707,-0.174,0.038
-0.068,-0.23,0.146
-0.776,-0.056,0.108
0,0
38.7003479

0.707,-0.174,0.037
-0.069,-0.23,0.146
-0.776,-0.056,0.109
0,0
38.71484429999987

0.707,-0.174,0.037
-0.069,-0.23,0.146
-0.776,-0.056,0.109
0,0
38.73071519999985

0.707,-0.174,0.037
-0.069,-0.231,0.146
-0.776,-0.057,0.109
0,0
38.75049100000001

0.708,-0.174,0.037
-0.068,-0.231,0.147
-0.776,-0.058,0.109
0,0
38.77464469999995

0.708,-0.174,0.038
-0.068,-0.232,0.147
-0.776,-0.058,0.11
0,0
38.792297499999904

0.708,-0.174,0.038
-0.069,-0.232,0.148
-0.777,-0.059,0.11
0,0
38.80869719999987

0.708,-0.174,0.038
-0.069,-0.233,0.148
-0.777,-0.059,0.111
0,0
38.82745409999984

0.708,-0.174,0.037
-0.069,-0.233,0.149
-0.777,-0.059,0.111
0,0
38.84234219999985

0.708,-0.174,0.037
-0.069,-0.233,0.149
-0.777,-0.06,0.112
0,0
38.86079749999999

0.707,-0.174,0.036
-0.07,-0.235,0.15
-0.777,-0.061,0.113
0,0
38.898422499999924

0.707,-0.173,0.036
-0.07,-0.235,0.149
-0.776,-0.062,0.113
0,0
38.91840269999989

0.706,-0.172,0.036
-0.07,-0.236,0.149
-0.776,-0.064,0.113
0,0
38.93582399999991

0.706,-0.171,0.037
-0.071,-0.238,0.15
-0.777,-0.067,0.113
0,0
38.99745749999988

0.706,-0.169,0.039
-0.071,-0.239,0.151
-0.777,-0.071,0.112
0,0
39.01499829999989

0.706,-0.169,0.04
-0.071,-0.24,0.152
-0.777,-0.071,0.112
0,0
39.034240099999806

0.706,-0.169,0.039
-0.071,-0.241,0.152
-0.777,-0.072,0.113
0,0
39.053437699999904

0.707,-0.17,0.039
-0.071,-0.242,0.152
-0.778,-0.071,0.113
0,0
39.07057489999988

0.708,-0.173,0.039
-0.072,-0.242,0.152
-0.779,-0.07,0.113
0,0
39.084373299999925

0.708,-0.174,0.039
-0.072,-0.243,0.153
-0.78,-0.069,0.114
0,0
39.10068349999983

0.708,-0.175,0.039
-0.072,-0.244,0.153
-0.781,-0.069,0.114
0,0
39.117834199999834

0.708,-0.174,0.04
-0.072,-0.244,0.153
-0.781,-0.07,0.113
0,0
39.13987939999993

0.708,-0.173,0.041
-0.073,-0.245,0.153
-0.781,-0.072,0.112
0,0
39.16034999999988

0.708,-0.172,0.042
-0.073,-0.245,0.153
-0.781,-0.073,0.111
0,0
39.181164799999806

0.707,-0.171,0.042
-0.073,-0.245,0.153
-0.78,-0.074,0.111
0,0
39.20044280000002

0.707,-0.17,0.043
-0.073,-0.246,0.153
-0.78,-0.076,0.11
0,0
39.217197799999894

0.705,-0.168,0.043
-0.074,-0.245,0.153
-0.779,-0.077,0.11
0,0
39.253762699999925

0.705,-0.168,0.043
-0.074,-0.245,0.153
-0.779,-0.077,0.11
0,0
39.27050099999997

0.705,-0.168,0.043
-0.074,-0.245,0.153
-0.778,-0.078,0.11
0,0
39.29067979999991

0.704,-0.167,0.043
-0.074,-0.245,0.153
-0.777,-0.078,0.11
0,0
39.306680199999846

0.703,-0.167,0.043
-0.074,-0.245,0.153
-0.777,-0.078,0.11
0,0
39.32137149999994

0.702,-0.167,0.043
-0.074,-0.244,0.153
-0.776,-0.078,0.111
0,0
39.34039199999984

0.702,-0.166,0.043
-0.073,-0.243,0.154
-0.775,-0.077,0.112
0,0
39.360442999999805

0.702,-0.166,0.043
-0.073,-0.242,0.155
-0.775,-0.077,0.112
0,0
39.37822779999988

0.701,-0.166,0.042
-0.073,-0.242,0.155
-0.774,-0.076,0.113
0,0
39.399285399999826

0.701,-0.166,0.042
-0.073,-0.242,0.156
-0.774,-0.075,0.114
0,0
39.41707199999996

0.701,-0.167,0.041
-0.072,-0.241,0.156
-0.774,-0.075,0.115
0,0
39.43387789999997

0.701,-0.167,0.041
-0.072,-0.241,0.156
-0.773,-0.074,0.115
0,0
39.451352799999995

0.701,-0.167,0.041
-0.072,-0.241,0.157
-0.773,-0.073,0.116
0,0
39.46927719999985

0.701,-0.168,0.04
-0.072,-0.24,0.157
-0.773,-0.072,0.117
0,0
39.48544819999984

0.7,-0.168,0.04
-0.072,-0.239,0.157
-0.772,-0.071,0.118
0,0
39.525695999999925

0.7,-0.167,0.041
-0.072,-0.238,0.158
-0.772,-0.071,0.117
0,0
39.54534889999991

0.7,-0.167,0.041
-0.072,-0.237,0.159
-0.772,-0.07,0.118
0,0
39.580542799999876

0.699,-0.167,0.04
-0.072,-0.237,0.16
-0.771,-0.071,0.12
0,0
39.605096699999876

0.699,-0.166,0.041
-0.072,-0.238,0.159
-0.771,-0.072,0.119
0,0
39.6227629

0.699,-0.165,0.041
-0.072,-0.238,0.159
-0.772,-0.073,0.118
0,0
39.64055119999989

0.7,-0.165,0.041
-0.073,-0.239,0.159
-0.772,-0.074,0.118
0,0
39.67768709999996

0.7,-0.164,0.042
-0.073,-0.239,0.159
-0.773,-0.075,0.117
0,0
39.69337419999988

0.7,-0.164,0.042
-0.073,-0.24,0.159
-0.773,-0.076,0.117
0,0
39.71380309999995

0.7,-0.165,0.042
-0.073,-0.24,0.159
-0.773,-0.075,0.118
0,0
39.73680300000001

0.7,-0.165,0.041
-0.073,-0.24,0.16
-0.774,-0.075,0.118
0,0
39.75083789999985

0.701,-0.165,0.042
-0.073,-0.241,0.16
-0.774,-0.075,0.118
0,0
39.77143299999989

0.701,-0.165,0.042
-0.073,-0.241,0.16
-0.774,-0.076,0.118
0,0
39.78776619999985

0.701,-0.165,0.042
-0.073,-0.242,0.16
-0.774,-0.076,0.118
0,0
39.80337369999984

0.7,-0.166,0.042
-0.073,-0.243,0.161
-0.773,-0.077,0.119
0,0
39.84350469999981

0.7,-0.166,0.041
-0.073,-0.244,0.161
-0.773,-0.078,0.12
0,0
39.8648584

0.699,-0.166,0.041
-0.073,-0.245,0.161
-0.772,-0.078,0.12
0,0
39.881375599999956

0.699,-0.167,0.04
-0.073,-0.246,0.161
-0.772,-0.079,0.121
0,0
39.89900479999983

0.698,-0.167,0.039
-0.073,-0.247,0.162
-0.771,-0.08,0.122
0,0
39.924468899999965

0.698,-0.168,0.039
-0.073,-0.249,0.162
-0.771,-0.081,0.123
0,0
39.94237149999981

0.697,-0.168,0.038
-0.073,-0.25,0.163
-0.77,-0.082,0.124
0,0
39.95935039999995

0.697,-0.168,0.038
-0.073,-0.251,0.163
-0.77,-0.083,0.125
0,0
39.97722769999996

0.697,-0.169,0.038
-0.073,-0.252,0.164
-0.77,-0.084,0.126
0,0
39.99768689999996

0.697,-0.169,0.038
-0.073,-0.254,0.164
-0.77,-0.085,0.126
0,0
40.01413589999993

0.697,-0.169,0.038
-0.073,-0.255,0.164
-0.769,-0.087,0.126
0,0
40.033458199999814

0.697,-0.168,0.039
-0.073,-0.257,0.165
-0.769,-0.089,0.126
0,0
40.053295100000014

0.697,-0.168,0.04
-0.072,-0.26,0.165
-0.769,-0.092,0.125
0,0
40.071372899999915

0.697,-0.168,0.04
-0.072,-0.265,0.166
-0.769,-0.097,0.126
0,0
40.11364709999998

0.697,-0.169,0.04
-0.071,-0.268,0.167
-0.768,-0.099,0.128
0,0
40.128615399999944

0.697,-0.169,0.04
-0.071,-0.271,0.169
-0.768,-0.102,0.129
0,0
40.14742319999982

0.697,-0.169,0.04
-0.071,-0.274,0.17
-0.768,-0.105,0.13
0,0
40.16297839999993

0.698,-0.169,0.041
-0.07,-0.277,0.171
-0.768,-0.109,0.13
0,0
40.18386549999991

0.698,-0.169,0.041
-0.069,-0.281,0.172
-0.767,-0.112,0.131
0.167,4.71
41.71077419999983

0.715,-0.159,0.051
-0.067,-0.174,0.133
-0.782,-0.015,0.082
0,0
41.72940689999996

0.715,-0.159,0.052
-0.065,-0.173,0.131
-0.781,-0.014,0.08
0,0
41.74792589999993

0.715,-0.158,0.052
-0.064,-0.171,0.129
-0.779,-0.013,0.077
0,0
41.76845849999995

0.715,-0.158,0.052
-0.063,-0.17,0.128
-0.778,-0.012,0.076
0,0
41.7875783999998

0.715,-0.158,0.052
-0.062,-0.17,0.126
-0.777,-0.011,0.074
0,0
41.80439630000001

0.715,-0.159,0.052
-0.06,-0.167,0.123
-0.775,-0.008,0.071
0,0
41.84037399999988

0.716,-0.159,0.052
-0.059,-0.166,0.121
-0.774,-0.007,0.07
0,0
41.857512799999995

0.716,-0.159,0.052
-0.058,-0.165,0.119
-0.773,-0.006,0.068
0,0
41.87812389999999

0.716,-0.159,0.052
-0.057,-0.165,0.118
-0.773,-0.006,0.066
0,0
41.893381999999974

0.716,-0.159,0.052
-0.056,-0.164,0.116
-0.772,-0.006,0.065
0,0
41.9077757

0.716,-0.159,0.052
-0.056,-0.164,0.115
-0.772,-0.005,0.063
0,0
41.925657999999885

0.716,-0.159,0.052
-0.055,-0.164,0.113
-0.771,-0.005,0.061
0,0
41.940371499999856

0.716,-0.159,0.052
-0.055,-0.164,0.112
-0.77,-0.005,0.06
0,0
41.96154869999987

0.716,-0.159,0.052
-0.054,-0.164,0.111
-0.77,-0.006,0.059
0,0
41.97936279999999

0.716,-0.159,0.052
-0.053,-0.165,0.11
-0.769,-0.006,0.058
0,0
41.998333999999886

0.716,-0.159,0.052
-0.053,-0.166,0.109
-0.769,-0.007,0.057
0,0
42.01383769999984

0.716,-0.159,0.052
-0.052,-0.168,0.108
-0.768,-0.009,0.056
0,0
42.05010309999989

0.716,-0.159,0.052
-0.051,-0.169,0.107
-0.768,-0.01,0.055
0,0
42.06853289999981

0.717,-0.159,0.052
-0.051,-0.171,0.107
-0.768,-0.011,0.055
0,0
42.08969339999999

0.717,-0.16,0.052
-0.051,-0.172,0.107
-0.768,-0.012,0.055
0,0
42.10894469999994

0.717,-0.16,0.052
-0.05,-0.173,0.107
-0.767,-0.013,0.056
0,0
42.12638179999999

0.717,-0.16,0.051
-0.05,-0.174,0.107
-0.767,-0.014,0.056
0,0
42.14647879999984

0.717,-0.16,0.051
-0.05,-0.175,0.107
-0.767,-0.015,0.056
0,0
42.165073599999914

0.716,-0.16,0.051
-0.05,-0.175,0.106
-0.766,-0.015,0.055
0,0
42.181508499999836

0.716,-0.159,0.051
-0.051,-0.175,0.103
-0.766,-0.016,0.052
0,0
42.21756909999999

0.715,-0.159,0.051
-0.051,-0.175,0.102
-0.767,-0.016,0.05
0,0
42.23226169999998

0.715,-0.159,0.051
-0.052,-0.175,0.1
-0.767,-0.015,0.048
0,0
42.25142599999981

0.715,-0.16,0.051
-0.053,-0.174,0.096
-0.768,-0.015,0.045
0,0
42.268558600000006

0.715,-0.16,0.05
-0.053,-0.174,0.093
-0.768,-0.014,0.043
0,0
42.28537959999994

0.715,-0.16,0.05
-0.054,-0.175,0.088
-0.769,-0.015,0.038
0,0
42.304288199999974

0.715,-0.16,0.05
-0.057,-0.175,0.076
-0.772,-0.015,0.026
0,0
42.363497800000005

0.715,-0.159,0.051
-0.058,-0.175,0.072
-0.772,-0.016,0.021
0,0
42.379594

0.715,-0.159,0.051
-0.059,-0.176,0.067
-0.773,-0.016,0.017
0,0
42.396791599999915

0.714,-0.16,0.051
-0.06,-0.175,0.063
-0.774,-0.016,0.012
0,0
42.416034699999955

0.714,-0.16,0.051
-0.061,-0.174,0.058
-0.775,-0.015,0.007
0,0
42.44473089999997

0.714,-0.159,0.051
-0.061,-0.173,0.055
-0.775,-0.014,0.004
0,0
42.462753699999894

0.714,-0.159,0.051
-0.062,-0.173,0.051
-0.776,-0.015,-0.001
0,0
42.481322799999816

0.714,-0.158,0.051
-0.063,-0.173,0.046
-0.777,-0.015,-0.005
0,0
42.500864099999944

0.713,-0.158,0.051
-0.064,-0.173,0.042
-0.777,-0.015,-0.009
0,0
42.517294099999845

0.713,-0.159,0.051
-0.064,-0.173,0.04
-0.777,-0.015,-0.011
0,0
42.53927859999999

0.713,-0.159,0.051
-0.065,-0.174,0.036
-0.778,-0.015,-0.015
0,0
42.55742959999998

0.713,-0.159,0.051
-0.066,-0.175,0.033
-0.779,-0.016,-0.018
0,0
42.57548849999989

0.714,-0.159,0.052
-0.066,-0.175,0.032
-0.779,-0.016,-0.019
0,0
42.6103157

0.714,-0.159,0.052
-0.065,-0.175,0.033
-0.779,-0.016,-0.018
0,0
42.626485399999865

0.714,-0.159,0.052
-0.065,-0.174,0.034
-0.779,-0.016,-0.017
0,0
42.64884299999994

0.714,-0.159,0.052
-0.065,-0.174,0.035
-0.78,-0.016,-0.017
0,0
42.66684549999991

0.714,-0.159,0.052
-0.066,-0.174,0.036
-0.78,-0.016,-0.016
0,0
42.68435129999989

0.715,-0.159,0.052
-0.065,-0.174,0.037
-0.78,-0.015,-0.015
0,0
42.700595999999905

0.715,-0.159,0.052
-0.065,-0.173,0.039
-0.78,-0.014,-0.013
0,0
42.71740199999999

0.715,-0.159,0.052
-0.065,-0.172,0.04
-0.78,-0.014,-0.012
0,0
42.735394599999836

0.715,-0.158,0.052
-0.065,-0.171,0.041
-0.78,-0.013,-0.011
0,0
42.751571199999944

0.715,-0.158,0.052
-0.065,-0.17,0.041
-0.78,-0.012,-0.011
0,0
42.76845249999997

0.715,-0.158,0.053
-0.065,-0.169,0.041
-0.78,-0.011,-0.011
0,0
42.78353089999996

0.715,-0.157,0.053
-0.065,-0.168,0.042
-0.78,-0.011,-0.011
0,0
42.804590999999846

0.716,-0.157,0.054
-0.064,-0.168,0.043
-0.78,-0.011,-0.01
0,0
42.82139189999998

0.716,-0.157,0.054
-0.064,-0.166,0.045
-0.78,-0.009,-0.009
0,0
42.85945259999994

0.717,-0.157,0.055
-0.064,-0.165,0.046
-0.78,-0.008,-0.009
0,0
42.876329399999804

0.717,-0.156,0.055
-0.063,-0.163,0.046
-0.781,-0.007,-0.009
0,0
42.899362899999915

0.718,-0.156,0.056
-0.063,-0.162,0.047
-0.781,-0.006,-0.008
0,0
42.91467939999984

0.718,-0.156,0.056
-0.063,-0.161,0.048
-0.781,-0.005,-0.008
0,0
42.93037429999981

0.718,-0.155,0.056
-0.063,-0.159,0.048
-0.781,-0.004,-0.008
0,0
42.94588449999992

0.718,-0.155,0.056
-0.062,-0.157,0.048
-0.78,-0.002,-0.009
0,0
42.964520199999924

0.718,-0.155,0.056
-0.062,-0.155,0.047
-0.78,-0.0,-0.01
0,0
42.98074499999984

0.718,-0.155,0.056
-0.062,-0.153,0.044
-0.78,0.002,-0.012
0,0
43.00030219999985

0.718,-0.155,0.056
-0.062,-0.152,0.042
-0.781,0.003,-0.014
0,0
43.018006499999956

0.718,-0.155,0.056
-0.062,-0.151,0.041
-0.781,0.004,-0.015
0,0
43.032534799999894

0.718,-0.155,0.056
-0.062,-0.149,0.039
-0.78,0.006,-0.017
0,0
43.050008100000014

0.719,-0.155,0.056
-0.061,-0.147,0.038
-0.779,0.007,-0.018
0,0
43.07050519999984

0.719,-0.154,0.057
-0.059,-0.145,0.036
-0.777,0.01,-0.02
0,0
43.10055979999993

0.719,-0.154,0.056
-0.058,-0.144,0.035
-0.777,0.01,-0.021
0,0
43.11651639999991

0.72,-0.154,0.056
-0.057,-0.142,0.035
-0.777,0.012,-0.022
0,0
43.135782500000005

0.72,-0.154,0.056
-0.056,-0.141,0.034
-0.777,0.013,-0.022
0,0
43.15344129999994

0.721,-0.154,0.056
-0.056,-0.14,0.032
-0.777,0.013,-0.024
0,0
43.17465169999991

0.721,-0.153,0.056
-0.055,-0.14,0.031
-0.777,0.012,-0.025
0,0
43.18932599999994

0.722,-0.151,0.058
-0.054,-0.141,0.031
-0.776,0.01,-0.028
0,0
43.206328299999996

0.722,-0.148,0.06
-0.054,-0.141,0.03
-0.776,0.007,-0.03
0,0
43.22014019999983

0.723,-0.146,0.062
-0.053,-0.142,0.03
-0.776,0.004,-0.032
0,0
43.23657009999988

0.723,-0.143,0.064
-0.053,-0.142,0.029
-0.777,0.001,-0.035
0,0
43.25039849999985

0.724,-0.141,0.066
-0.054,-0.143,0.026
-0.777,-0.003,-0.04
0,0
43.2767938999998

0.724,-0.136,0.069
-0.054,-0.143,0.025
-0.779,-0.007,-0.044
0,0
43.298736699999836

0.725,-0.131,0.073
-0.054,-0.144,0.025
-0.779,-0.012,-0.048
0,0
43.32410919999984

0.725,-0.123,0.079
-0.054,-0.144,0.024
-0.779,-0.021,-0.056
0,0
43.35149289999981

0.726,-0.115,0.086
-0.054,-0.145,0.021
-0.78,-0.03,-0.065
0,0
43.37244869999995

0.727,-0.117,0.086
-0.054,-0.145,0.02
-0.781,-0.029,-0.066
0,0
43.39359760000002

0.728,-0.113,0.089
-0.054,-0.146,0.019
-0.782,-0.032,-0.07
0,0
43.411786599999914

0.727,-0.105,0.096
-0.054,-0.146,0.019
-0.781,-0.041,-0.077
0,0
43.42735759999982

0.725,-0.094,0.104
-0.054,-0.146,0.017
-0.779,-0.052,-0.087
0,0
43.44932539999991

0.723,-0.083,0.111
-0.055,-0.146,0.014
-0.778,-0.062,-0.097
0,0
43.47147679999989

0.722,-0.08,0.114
-0.055,-0.145,0.008
-0.777,-0.065,-0.105
0,0
43.50746749999985

0.72,-0.07,0.122
-0.054,-0.145,0.006
-0.775,-0.075,-0.115
0,0
43.525524399999995

0.719,-0.062,0.127
-0.054,-0.143,0.004
-0.773,-0.081,-0.123
0,0
43.54475609999986

0.716,-0.055,0.131
-0.054,-0.142,0.001
-0.771,-0.088,-0.131
0,0
43.563916199999994

0.714,-0.047,0.136
-0.054,-0.141,-0.002
-0.769,-0.094,-0.138
0.176,1.57
45.08019760000002

0.219,0.083,0.088
0.03,0.108,0.035
-0.189,0.025,-0.053
0,0
45.09872189999987

0.217,0.082,0.087
0.031,0.108,0.033
-0.186,0.027,-0.054
0,0
45.11539619999985

0.214,0.081,0.086
0.031,0.109,0.03
-0.183,0.028,-0.055
0,0
45.13538519999997

0.211,0.08,0.084
0.031,0.109,0.029
-0.18,0.029,-0.055
0,0
45.15042389999985

0.209,0.079,0.083
0.031,0.109,0.027
-0.178,0.03,-0.055
0,0
45.16538969999988

0.205,0.078,0.081
0.031,0.108,0.026
-0.175,0.03,-0.055
0,0
45.182608299999856

0.202,0.077,0.079
0.03,0.108,0.024
-0.172,0.031,-0.055
0,0
45.20230649999985

0.2,0.076,0.077
0.03,0.107,0.021
-0.17,0.03,-0.056
0,0
45.237744599999814

0.195,0.075,0.074
0.03,0.106,0.02
-0.165,0.031,-0.054
0,0
45.25662579999994

0.191,0.074,0.071
0.029,0.106,0.019
-0.161,0.032,-0.052
0,0
45.27226829999995

0.188,0.073,0.07
0.029,0.105,0.017
-0.158,0.032,-0.053
0,0
45.292913

0.184,0.072,0.068
0.029,0.103,0.015
-0.154,0.031,-0.054
0,0
45.33145730000001

0.176,0.071,0.066
0.03,0.103,0.013
-0.146,0.032,-0.053
0,0
45.35126749999995

0.173,0.07,0.065
0.03,0.102,0.012
-0.143,0.032,-0.053
0,0
45.369208599999865

0.17,0.069,0.064
0.029,0.101,0.01
-0.141,0.032,-0.055
0,0
45.40537739999991

0.164,0.067,0.063
0.029,0.1,0.009
-0.135,0.033,-0.054
0,0
45.42539109999984

0.16,0.066,0.062
0.029,0.1,0.008
-0.131,0.033,-0.054
0,0
45.44375169999989

0.158,0.066,0.062
0.029,0.099,0.008
-0.129,0.034,-0.054
0,0
45.46035319999987

0.155,0.065,0.061
0.029,0.099,0.007
-0.126,0.034,-0.054
0,0
45.47631339999998

0.153,0.065,0.061
0.029,0.098,0.007
-0.124,0.034,-0.054
0,0
45.49458849999996

0.151,0.064,0.06
0.029,0.098,0.006
-0.122,0.034,-0.054
0,0
45.51705919999995

0.148,0.063,0.059
0.029,0.097,0.006
-0.12,0.033,-0.053
0,0
45.536811499999885

0.146,0.063,0.059
0.029,0.095,0.006
-0.118,0.032,-0.052
0,0
45.559758699999975

0.144,0.062,0.058
0.028,0.094,0.006
-0.116,0.032,-0.052
0,0
45.57660759999999

0.142,0.062,0.057
0.028,0.092,0.006
-0.115,0.03,-0.051
0,0
45.60067079999999

0.14,0.061,0.057
0.027,0.091,0.007
-0.113,0.03,-0.05
0,0
45.617478499999834

0.139,0.061,0.057
0.027,0.091,0.007
-0.112,0.03,-0.05
0,0
45.63304999999991

0.137,0.06,0.057
0.026,0.09,0.007
-0.11,0.029,-0.05
0,0
45.65364690000001

0.135,0.06,0.056
0.026,0.089,0.007
-0.109,0.029,-0.049
0,0
45.67213519999996

0.134,0.059,0.057
0.025,0.088,0.007
-0.108,0.028,-0.05
0,0
45.697301199999856

0.131,0.058,0.055
0.025,0.087,0.008
-0.106,0.029,-0.047
0,0
45.71542619999991

0.127,0.057,0.052
0.024,0.086,0.008
-0.102,0.029,-0.044
0,0
45.734487100000024

0.124,0.056,0.052
0.024,0.085,0.009
-0.1,0.029,-0.043
0,0
45.75130869999998

0.123,0.055,0.052
0.024,0.084,0.009
-0.099,0.029,-0.043
0,0
45.76873969999997

0.121,0.054,0.052
0.023,0.083,0.01
-0.098,0.029,-0.042
0,0
45.78583749999984

0.12,0.054,0.053
0.023,0.083,0.01
-0.098,0.029,-0.042
0,0
45.8037276

0.12,0.053,0.054
0.022,0.082,0.011
-0.098,0.029,-0.043
0,0
45.82073700000001

0.12,0.053,0.055
0.022,0.082,0.011
-0.099,0.029,-0.044
0,0
45.84035749999998

0.121,0.053,0.058
0.021,0.082,0.011
-0.1,0.029,-0.047
0,0
45.85430919999999

0.123,0.053,0.061
0.021,0.081,0.012
-0.102,0.028,-0.049
0,0
45.87673640000003

0.124,0.052,0.063
0.02,0.08,0.013
-0.104,0.028,-0.05
0,0
45.89483419999988

0.124,0.052,0.062
0.02,0.079,0.013
-0.104,0.027,-0.049
0,0
45.911856799999896

0.125,0.052,0.062
0.019,0.079,0.013
-0.106,0.026,-0.049
0,0
45.93085369999994

0.126,0.053,0.062
0.019,0.078,0.013
-0.107,0.026,-0.049
0,0
45.94943969999986

0.124,0.052,0.06
0.018,0.077,0.013
-0.106,0.025,-0.047
0,0
45.9704084

0.123,0.052,0.06
0.018,0.077,0.013
-0.105,0.025,-0.047
0,0
45.98856519999981

0.122,0.051,0.06
0.018,0.076,0.013
-0.104,0.025,-0.047
0,0
46.00450439999986

0.115,0.052,0.053
0.018,0.076,0.014
-0.097,0.024,-0.039
0,0
46.021688999999924

0.113,0.05,0.054
0.018,0.075,0.014
-0.096,0.025,-0.04
0,0
46.038573099999894

0.113,0.049,0.055
0.017,0.075,0.014
-0.096,0.026,-0.041
0,0
46.05769669999995

0.113,0.047,0.055
0.017,0.074,0.014
-0.095,0.026,-0.04
0,0
46.07431959999985

0.112,0.047,0.055
0.017,0.073,0.014
-0.095,0.026,-0.04
0,0
46.09160689999999

0.114,0.047,0.055
0.017,0.073,0.014
-0.097,0.026,-0.041
0,0
46.1102429

0.114,0.046,0.054
0.016,0.072,0.014
-0.097,0.026,-0.04
0,0
46.129498999999896

0.115,0.045,0.056
0.016,0.071,0.014
-0.099,0.026,-0.041
0,0
46.14460489999988

0.119,0.045,0.06
0.016,0.071,0.015
-0.103,0.027,-0.046
0,0
46.15952909999987

0.122,0.045,0.064
0.016,0.071,0.015
-0.106,0.026,-0.049
0,0
46.175392299999885

0.124,0.045,0.066
0.015,0.07,0.014
-0.109,0.025,-0.052
0,0
46.19792799999982

0.128,0.045,0.068
0.015,0.07,0.014
-0.112,0.025,-0.054
0,0
46.21675879999998

0.127,0.045,0.066
0.015,0.07,0.013
-0.112,0.025,-0.053
0,0
46.23645459999989

0.126,0.045,0.065
0.015,0.069,0.013
-0.112,0.025,-0.053
0,0
46.252364399999806

0.124,0.045,0.065
0.014,0.069,0.012
-0.11,0.025,-0.053
0,0
46.269436599999835

0.115,0.046,0.055
0.014,0.069,0.012
-0.101,0.023,-0.043
0,0
46.28835619999995

0.114,0.045,0.057
0.014,0.07,0.012
-0.1,0.024,-0.046
0,0
46.305293499999834

0.113,0.045,0.059
0.014,0.07,0.011
-0.1,0.025,-0.048
0,0
46.32357400000001

0.113,0.044,0.059
0.014,0.07,0.011
-0.099,0.026,-0.048
0,0
46.3459648999999

0.115,0.044,0.06
0.014,0.071,0.011
-0.101,0.027,-0.049
0,0
46.36160739999991

0.115,0.044,0.06
0.014,0.072,0.011
-0.101,0.027,-0.048
0,0
46.38072569999986

0.114,0.045,0.059
0.014,0.072,0.011
-0.1,0.027,-0.047
0,0
46.398280099999965

0.114,0.045,0.058
0.014,0.073,0.011
-0.1,0.027,-0.046
0,0
46.42553759999987

0.118,0.045,0.062
0.014,0.073,0.011
-0.104,0.028,-0.051
0,0
46.443360099999836

0.119,0.046,0.063
0.014,0.073,0.011
-0.105,0.028,-0.051
0,0
46.45985109999992

0.122,0.046,0.065
0.014,0.074,0.011
-0.108,0.028,-0.054
0,0
46.47775549999983

0.125,0.046,0.068
0.014,0.074,0.011
-0.111,0.028,-0.057
0,0
46.493525799999816

0.126,0.046,0.067
0.015,0.075,0.011
-0.111,0.029,-0.057
0,0
46.51547849999997

0.123,0.047,0.063
0.015,0.075,0.01
-0.109,0.029,-0.053
0,0
46.53571279999983

0.12,0.047,0.06
0.015,0.076,0.01
-0.105,0.029,-0.05
0,0
46.551630999999816

0.117,0.047,0.057
0.016,0.077,0.009
-0.101,0.029,-0.047
0,0
46.588461399999915

0.11,0.047,0.052
0.016,0.077,0.009
-0.094,0.03,-0.043
0,0
46.60565529999985

0.107,0.047,0.05
0.016,0.077,0.009
-0.091,0.03,-0.041
0,0
46.62441999999987

0.105,0.047,0.049
0.016,0.078,0.009
-0.089,0.031,-0.039
0,0
46.6643231999999

0.099,0.047,0.045
0.016,0.078,0.01
-0.083,0.032,-0.035
0,0
46.682554399999844

0.097,0.046,0.043
0.017,0.078,0.01
-0.08,0.032,-0.033
0,0
46.69826089999992

0.095,0.046,0.042
0.017,0.079,0.01
-0.079,0.033,-0.032
0,0
46.71449699999994

0.093,0.046,0.041
0.017,0.079,0.01
-0.076,0.034,-0.031
0,0
46.734242300000005

0.091,0.045,0.04
0.017,0.08,0.01
-0.074,0.035,-0.031
0,0
46.75052169999981

0.089,0.045,0.04
0.017,0.08,0.01
-0.072,0.035,-0.03
0,0
46.76833459999989

0.088,0.044,0.04
0.017,0.08,0.01
-0.07,0.036,-0.03
0,0
46.785846499999934

0.087,0.043,0.04
0.017,0.081,0.01
-0.069,0.037,-0.031
0,0
46.80047730000001

0.085,0.043,0.04
0.017,0.081,0.01
-0.068,0.038,-0.031
0,0
46.81559399999992

0.084,0.042,0.041
0.018,0.081,0.01
-0.067,0.039,-0.031
0,0
46.83054509999988

0.084,0.042,0.041
0.018,0.082,0.01
-0.066,0.039,-0.031
0,0
46.84826279999993

0.083,0.042,0.04
0.018,0.082,0.01
-0.065,0.04,-0.031
0,0
46.86622390000002

0.082,0.041,0.04
0.018,0.082,0.01
-0.064,0.041,-0.03
0,0
46.883460799999966

0.081,0.041,0.04
0.018,0.083,0.01
-0.063,0.042,-0.03
0,0
46.9016916999999

0.08,0.04,0.04
0.018,0.084,0.012
-0.062,0.043,-0.028
0,0
46.95994689999998

0.079,0.039,0.04
0.018,0.083,0.012
-0.06,0.044,-0.027
0,0
46.97877659999995

0.078,0.039,0.04
0.018,0.083,0.013
-0.06,0.044,-0.027
0,0
46.99725309999985

0.078,0.038,0.04
0.018,0.082,0.014
-0.06,0.044,-0.026
0,0
47.03639720000001

0.077,0.037,0.042
0.017,0.079,0.016
-0.06,0.043,-0.026
0,0
47.07503439999982

0.068,0.034,0.033
0.017,0.077,0.017
-0.051,0.044,-0.016
0,0
47.093436999999994

0.067,0.032,0.034
0.017,0.075,0.018
-0.05,0.042,-0.016
0,0
47.113554299999805

0.066,0.031,0.035
0.017,0.07,0.019
-0.049,0.039,-0.016
0,0
47.13954639999997

0.068,0.03,0.041
0.016,0.066,0.021
-0.052,0.037,-0.02
0,0
47.155700000000024

0.071,0.029,0.045
0.016,0.062,0.022
-0.055,0.032,-0.023
0,0
47.17765239999994

0.071,0.03,0.046
0.016,0.056,0.023
-0.055,0.027,-0.023
0,0
47.193616599999814

0.07,0.03,0.046
0.015,0.049,0.025
-0.055,0.02,-0.021
0,0
47.21390980000001

0.07,0.031,0.047
0.014,0.042,0.027
-0.056,0.011,-0.021
0,0
47.23247769999989

0.072,0.033,0.052
0.016,0.016,0.032
-0.056,-0.018,-0.019
0,0
47.289411099999825

0.075,0.038,0.058
0.017,0.006,0.035
-0.058,-0.032,-0.023
0,0
47.307583199999954

0.076,0.038,0.058
0.017,-0.002,0.036
-0.058,-0.04,-0.022
0,0
47.32325029999993

0.076,0.038,0.058
0.018,-0.012,0.039
-0.058,-0.05,-0.019
0,0
47.33836429999997

0.078,0.039,0.058
0.019,-0.02,0.041
-0.059,-0.059,-0.017
0,0
47.356028499999866

0.08,0.04,0.057
0.02,-0.031,0.043
-0.06,-0.071,-0.014
0,0
47.374433099999806

0.082,0.04,0.056
0.021,-0.04,0.045
-0.061,-0.08,-0.011
0,0
47.388394299999845

0.083,0.04,0.055
0.021,-0.053,0.048
-0.062,-0.093,-0.007
0,0
47.40742649999993

0.085,0.04,0.055
0.017,-0.069,0.053
-0.067,-0.109,-0.001
0,0
47.42457649999983

0.087,0.04,0.055
0.009,-0.091,0.061
-0.077,-0.132,0.006
0.168,3.14
48.949206399999866

0.091,0.044,0.043
-0.061,-0.008,0.079
-0.152,-0.052,0.035
0,0
48.96705389999988

0.09,0.044,0.044
-0.063,0.001,0.078
-0.154,-0.043,0.035
0,0
48.982336499999974

0.09,0.043,0.043
-0.066,0.012,0.078
-0.156,-0.031,0.034
0,0
48.99796279999987

0.09,0.043,0.043
-0.068,0.021,0.077
-0.158,-0.022,0.034
0,0
49.014943599999924

0.09,0.043,0.043
-0.07,0.036,0.076
-0.16,-0.007,0.033
0,0
49.04166919999989

0.09,0.043,0.042
-0.072,0.052,0.075
-0.162,0.009,0.032
0,0
49.059747000000016

0.09,0.043,0.042
-0.075,0.076,0.074
-0.165,0.033,0.032
0,0
49.094543999999814

0.089,0.043,0.041
-0.076,0.089,0.073
-0.165,0.046,0.032
0,0
49.1145125999999

0.089,0.043,0.041
-0.074,0.101,0.071
-0.163,0.058,0.03
0,0
49.1296691

0.088,0.043,0.041
-0.053,0.131,0.064
-0.141,0.088,0.023
0,0
49.148393499999884

0.088,0.042,0.04
-0.035,0.16,0.058
-0.123,0.118,0.018
0,0
49.167166799999904

0.087,0.042,0.04
-0.01,0.21,0.048
-0.097,0.168,0.008
0.214,6.28
50.71686219999992

-0.331,0.012,-0.308
0.053,0.124,0.027
0.383,0.112,0.336
0.427,4.71
52.23668929999985

-0.469,-0.006,-0.313
0.049,0.109,-0.101
0.518,0.116,0.212
0.271,4.71
53.76762280000003

-0.471,-0.007,-0.31
0.112,0.178,-0.169
0.582,0.185,0.14
0.235,6.28
55.292113799999925

-0.479,0.006,-0.302
0.252,0.385,-0.206
0.731,0.379,0.096
0.483,6.28
56.815482499999916

-0.485,-0.002,-0.3
0.061,0.131,-0.207
0.547,0.133,0.093
0.169,6.28
58.34232619999989

-0.474,-0.003,-0.293
0.288,0.454,-0.195
0.762,0.456,0.098
0.581,6.28
59.86777199999983

-0.459,-0.002,-0.287
0.397,0.595,-0.161
0.856,0.596,0.126
0.759,6.28
61.39726699999983

-0.448,-0.001,-0.282
0.378,0.671,-0.109
0.825,0.672,0.173
0.856,6.28
62.9265105999998

-0.448,0.001,-0.274
0.191,0.24,-0.175
0.639,0.239,0.099
0.305,6.28
64.45553089999999

-0.451,0.002,-0.271
-0.056,-0.175,-0.085
0.395,-0.177,0.186
0.237,3.14
65.98396209999987

-0.46,-0.002,-0.266
0.173,0.26,-0.163
0.633,0.262,0.103
0.333,6.28
67.50989249999998

-0.467,0.003,-0.287
0.141,0.161,-0.191
0.608,0.159,0.096
0.202,6.28
69.03118969999991

-0.454,0.004,-0.285
0.155,0.215,-0.192
0.609,0.211,0.094
0.269,6.28
70.56235509999988

-0.47,0.004,-0.275
0.168,0.284,-0.172
0.638,0.28,0.103
0.357,6.28
72.09042189999991

-0.486,0.01,-0.296
0.265,0.378,-0.212
0.751,0.369,0.085
0.469,6.28
73.61497789999999

-0.474,-0.001,-0.275
0.361,0.606,-0.178
0.835,0.607,0.097
0.773,6.28
75.1338659999999

-0.454,0.001,-0.26
0.323,0.591,-0.165
0.777,0.59,0.095
0.751,6.28
76.6577229999998

-0.454,0.002,-0.263
0.194,0.281,-0.18
0.648,0.279,0.082
0.355,6.28
78.19353890000002

-0.45,0.001,-0.254
-0.077,-0.145,-0.027
0.373,-0.146,0.227
0.29,3.14
79.7269366999999

-0.445,0.002,-0.249
0.084,0.106,-0.122
0.529,0.104,0.127
0,0
79.7445189

-0.445,0.003,-0.249
0.081,0.105,-0.122
0.526,0.102,0.127
0,0
79.7642143999999

-0.445,0.003,-0.249
0.079,0.103,-0.122
0.525,0.1,0.127
0,0
79.78350669999986

-0.445,0.003,-0.249
0.078,0.102,-0.122
0.523,0.1,0.127
0,0
79.80426039999998

-0.445,0.003,-0.249
0.077,0.103,-0.121
0.522,0.101,0.128
0,0
79.81729939999991

-0.445,0.003,-0.25
0.076,0.105,-0.125
0.521,0.102,0.125
0,0
79.85325869999997

-0.445,0.003,-0.25
0.076,0.107,-0.125
0.521,0.104,0.125
0,0
79.87681959999986

-0.445,0.003,-0.25
0.077,0.11,-0.125
0.522,0.107,0.125
0,0
79.89368130000003

-0.445,0.003,-0.25
0.078,0.113,-0.124
0.523,0.11,0.126
0,0
79.91056400000002

-0.445,0.003,-0.25
0.079,0.115,-0.125
0.524,0.112,0.126
0,0
79.92841989999988

-0.445,0.003,-0.25
0.081,0.118,-0.125
0.526,0.115,0.126
0,0
79.94886059999999

-0.445,0.003,-0.25
0.082,0.119,-0.125
0.527,0.117,0.125
0,0
79.96776319999981

-0.445,0.003,-0.25
0.083,0.122,-0.125
0.528,0.119,0.125
0,0
79.98519519999991

-0.445,0.003,-0.25
0.087,0.128,-0.129
0.532,0.125,0.12
0,0
80.02137929999981

-0.445,0.003,-0.25
0.088,0.13,-0.131
0.534,0.127,0.119
0,0
80.03761489999988

-0.446,0.003,-0.25
0.09,0.131,-0.133
0.536,0.128,0.117
0,0
80.05443849999983

-0.446,0.003,-0.25
0.092,0.131,-0.133
0.538,0.128,0.117
0,0
80.0743837

-0.446,0.003,-0.25
0.092,0.13,-0.133
0.539,0.127,0.117
0,0
80.08945389999985

-0.446,0.003,-0.25
0.093,0.128,-0.131
0.539,0.125,0.119
0,0
80.10970299999985

-0.447,0.003,-0.25
0.094,0.127,-0.13
0.54,0.124,0.121
0,0
80.13098779999996

-0.447,0.003,-0.25
0.094,0.124,-0.13
0.541,0.121,0.12
0,0
80.15623740000001

-0.447,0.003,-0.25
0.093,0.121,-0.13
0.54,0.118,0.12
0,0
80.17366959999981

-0.447,0.003,-0.25
0.093,0.119,-0.129
0.54,0.116,0.12
0,0
80.18966879999994

-0.447,0.003,-0.25
0.092,0.119,-0.129
0.54,0.116,0.12
0,0
80.20637390000002

-0.448,0.003,-0.249
0.092,0.119,-0.13
0.54,0.116,0.12
0,0
80.22632750000002

-0.448,0.002,-0.249
0.092,0.119,-0.132
0.54,0.117,0.118
0,0
80.24359749999985

-0.448,0.002,-0.249
0.092,0.12,-0.132
0.54,0.118,0.117
0,0
80.26333929999987

-0.448,0.002,-0.249
0.091,0.12,-0.133
0.54,0.118,0.116
0,0
80.29926230000001

-0.449,0.002,-0.249
0.091,0.12,-0.134
0.54,0.117,0.115
0,0
80.3204596999999

-0.449,0.002,-0.249
0.091,0.12,-0.134
0.54,0.118,0.115
0,0
80.34132739999995

-0.449,0.002,-0.249
0.091,0.12,-0.134
0.54,0.118,0.115
0,0
80.35867799999983

-0.449,0.002,-0.25
0.091,0.121,-0.134
0.54,0.119,0.115
0,0
80.37526519999983

-0.449,0.002,-0.25
0.091,0.123,-0.134
0.54,0.12,0.115
0,0
80.39164770000002

-0.449,0.002,-0.25
0.091,0.124,-0.134
0.541,0.121,0.115
0,0
80.40623159999996

-0.45,0.002,-0.25
0.092,0.124,-0.135
0.541,0.122,0.115
0,0
80.42063280000002

-0.45,0.002,-0.25
0.092,0.126,-0.134
0.542,0.123,0.115
0,0
80.43704249999996

-0.45,0.002,-0.25
0.092,0.126,-0.134
0.542,0.124,0.116
0,0
80.45263729999988

-0.45,0.002,-0.25
0.092,0.127,-0.134
0.543,0.125,0.116
0,0
80.47074909999992

-0.451,0.002,-0.25
0.093,0.129,-0.134
0.544,0.127,0.116
0,0
80.48864209999988

-0.451,0.002,-0.25
0.094,0.131,-0.135
0.545,0.129,0.115
0,0
80.50445179999997

-0.451,0.002,-0.25
0.094,0.132,-0.136
0.545,0.13,0.115
0,0
80.52060439999991

-0.451,0.002,-0.25
0.095,0.134,-0.136
0.546,0.132,0.114
0.167,6.28
82.04333780000002

-0.445,0.004,-0.251
0.106,0.135,-0.149
0.55,0.13,0.102
0,0
82.06069439999987

-0.444,0.004,-0.251
0.105,0.134,-0.148
0.549,0.129,0.103
0,0
82.07897329999992

-0.444,0.004,-0.251
0.105,0.133,-0.147
0.548,0.129,0.104
0,0
82.09842229999981

-0.443,0.004,-0.251
0.104,0.133,-0.145
0.547,0.129,0.106
0,0
82.11452450000002

-0.443,0.004,-0.251
0.104,0.133,-0.145
0.547,0.129,0.106
0,0
82.13239789999989

-0.442,0.005,-0.251
0.104,0.134,-0.145
0.546,0.129,0.105
0,0
82.15054409999993

-0.442,0.005,-0.25
0.103,0.134,-0.145
0.546,0.13,0.105
0,0
82.1643259

-0.442,0.005,-0.25
0.104,0.134,-0.145
0.545,0.13,0.105
0,0
82.18140619999986

-0.442,0.004,-0.249
0.104,0.134,-0.145
0.545,0.129,0.104
0,0
82.19713749999983

-0.441,0.004,-0.248
0.104,0.134,-0.146
0.545,0.129,0.102
0,0
82.2150228999999

-0.441,0.004,-0.248
0.104,0.135,-0.146
0.545,0.13,0.102
0,0
82.23441149999985

-0.441,0.004,-0.247
0.104,0.136,-0.147
0.545,0.132,0.101
0.168,6.28
83.76102730000002

-0.448,0.0,-0.249
0.146,0.189,-0.167
0.594,0.188,0.082
0.24,6.28
85.28578279999988

-0.442,0.001,-0.246
0.19,0.26,-0.17
0.633,0.259,0.076
0.33,6.28
86.81581179999989

-0.446,0.003,-0.245
0.237,0.327,-0.183
0.684,0.324,0.061
0.413,6.28
88.3496138999999

-0.437,0.004,-0.241
0.09,0.134,-0.161
0.527,0.13,0.08
0,0
88.36957259999986

-0.437,0.004,-0.241
0.089,0.13,-0.159
0.526,0.127,0.083
0,0
88.3894330999999

-0.437,0.003,-0.241
0.088,0.127,-0.158
0.525,0.124,0.083
0,0
88.4067427

-0.437,0.003,-0.241
0.086,0.125,-0.159
0.523,0.122,0.082
0,0
88.4474553

-0.437,0.004,-0.241
0.085,0.124,-0.159
0.523,0.121,0.082
0,0
88.46506759999988

-0.437,0.004,-0.242
0.084,0.123,-0.159
0.522,0.119,0.082
0,0
88.48484869999993

-0.438,0.004,-0.241
0.084,0.122,-0.16
0.521,0.118,0.082
0,0
88.50259629999982

-0.438,0.004,-0.241
0.083,0.122,-0.16
0.52,0.118,0.082
0,0
88.53797499999996

-0.439,0.004,-0.241
0.082,0.123,-0.161
0.521,0.119,0.08
0,0
88.55954669999983

-0.44,0.004,-0.24
0.082,0.125,-0.162
0.521,0.121,0.078
0,0
88.5976642999999

-0.44,0.004,-0.24
0.082,0.125,-0.163
0.521,0.122,0.077
0,0
88.6175182999998

-0.44,0.004,-0.24
0.082,0.125,-0.163
0.521,0.122,0.076
0,0
88.63310909999996

-0.44,0.004,-0.24
0.082,0.126,-0.163
0.522,0.122,0.077
0,0
88.64972590000002

-0.44,0.004,-0.24
0.082,0.127,-0.163
0.522,0.123,0.076
0,0
88.66751419999991

-0.44,0.004,-0.24
0.082,0.129,-0.164
0.523,0.125,0.076
0,0
88.68553049999991

-0.44,0.005,-0.24
0.083,0.13,-0.165
0.523,0.125,0.075
0,0
88.70497920000003

-0.44,0.005,-0.24
0.083,0.13,-0.166
0.524,0.126,0.074
0,0
88.73249069999997

-0.44,0.005,-0.24
0.084,0.132,-0.167
0.525,0.128,0.072
0,0
88.7497444999999

-0.44,0.005,-0.24
0.086,0.137,-0.17
0.527,0.132,0.069
0.168,6.28
90.30246179999995

-0.438,0.002,-0.236
0.059,0.094,-0.166
0.497,0.092,0.071
0,0
90.31795879999981

-0.438,0.003,-0.236
0.059,0.093,-0.166
0.496,0.09,0.07
0,0
90.33543769999983

-0.437,0.003,-0.236
0.059,0.092,-0.166
0.496,0.089,0.07
0,0
90.34862879999991

-0.437,0.003,-0.236
0.059,0.092,-0.166
0.496,0.089,0.07
0,0
90.36959479999996

-0.437,0.003,-0.236
0.058,0.092,-0.166
0.496,0.089,0.07
0,0
90.38468879999982

-0.438,0.003,-0.236
0.059,0.093,-0.165
0.496,0.09,0.071
0,0
90.40656769999987

-0.438,0.003,-0.236
0.059,0.093,-0.164
0.496,0.09,0.072
0,0
90.4214978

-0.438,0.003,-0.237
0.059,0.093,-0.164
0.496,0.089,0.072
0,0
90.43655790000003

-0.438,0.004,-0.237
0.059,0.092,-0.164
0.497,0.088,0.073
0,0
90.4533113

-0.438,0.004,-0.237
0.059,0.092,-0.165
0.497,0.088,0.073
0,0
90.4713483999999

-0.438,0.004,-0.237
0.059,0.093,-0.165
0.496,0.089,0.072
0,0
90.49452159999987

-0.438,0.004,-0.237
0.059,0.095,-0.167
0.498,0.091,0.07
0,0
90.52504789999989

-0.439,0.004,-0.237
0.06,0.097,-0.168
0.499,0.093,0.069
0,0
90.54141709999999

-0.439,0.004,-0.236
0.061,0.099,-0.169
0.5,0.095,0.067
0,0
90.5627548

-0.439,0.004,-0.236
0.062,0.101,-0.169
0.501,0.097,0.067
0,0
90.57999689999997

-0.439,0.004,-0.236
0.062,0.102,-0.168
0.501,0.098,0.068
0,0
90.59593319999999

-0.44,0.004,-0.236
0.063,0.101,-0.168
0.502,0.097,0.068
0,0
90.61803439999994

-0.44,0.004,-0.236
0.063,0.102,-0.168
0.503,0.098,0.068
0,0
90.63655199999994

-0.44,0.004,-0.236
0.064,0.103,-0.169
0.504,0.099,0.067
0,0
90.65241470000001

-0.44,0.004,-0.236
0.064,0.104,-0.169
0.505,0.1,0.067
0,0
90.66753999999992

-0.44,0.004,-0.236
0.065,0.104,-0.17
0.505,0.1,0.066
0,0
90.6845143999999

-0.44,0.004,-0.236
0.065,0.103,-0.171
0.506,0.1,0.065
0,0
90.70714639999983

-0.441,0.003,-0.235
0.065,0.103,-0.171
0.506,0.1,0.064
0,0
90.72429749999992

-0.441,0.003,-0.234
0.065,0.103,-0.171
0.506,0.1,0.063
0,0
90.74031760000003

-0.441,0.003,-0.234
0.066,0.105,-0.172
0.507,0.101,0.062
0,0
90.76268529999993

-0.441,0.003,-0.234
0.067,0.107,-0.172
0.508,0.103,0.062
0,0
90.80288810000002

-0.441,0.003,-0.235
0.067,0.107,-0.172
0.509,0.104,0.062
0,0
90.82339289999982

-0.441,0.003,-0.235
0.068,0.107,-0.172
0.51,0.104,0.063
0,0
90.83998939999992

-0.441,0.003,-0.235
0.069,0.108,-0.172
0.51,0.105,0.063
0,0
90.85759989999997

-0.441,0.003,-0.235
0.069,0.109,-0.172
0.51,0.105,0.063
0,0
90.8765034999999

-0.441,0.003,-0.235
0.069,0.109,-0.172
0.51,0.106,0.063
0,0
90.89408029999981

-0.441,0.003,-0.235
0.07,0.11,-0.172
0.511,0.107,0.063
0,0
90.91196089999994

-0.441,0.003,-0.235
0.07,0.111,-0.172
0.511,0.108,0.063
0,0
90.9276656999998

-0.441,0.003,-0.235
0.071,0.111,-0.171
0.512,0.109,0.064
0,0
90.95750669999984

-0.441,0.003,-0.235
0.071,0.112,-0.171
0.512,0.109,0.064
0,0
90.97539269999993

-0.441,0.003,-0.236
0.072,0.112,-0.172
0.513,0.11,0.064
0,0
90.99277869999992

-0.441,0.003,-0.236
0.072,0.113,-0.172
0.513,0.11,0.064
0,0
91.00981719999982

-0.441,0.003,-0.236
0.072,0.114,-0.173
0.514,0.111,0.063
0,0
91.02890449999995

-0.441,0.003,-0.236
0.074,0.115,-0.174
0.515,0.112,0.062
0,0
91.06430119999982

-0.441,0.002,-0.235
0.074,0.114,-0.174
0.515,0.112,0.062
0,0
91.08364029999984

-0.441,0.002,-0.235
0.075,0.115,-0.173
0.516,0.112,0.062
0,0
91.0999691999998

-0.441,0.002,-0.235
0.075,0.116,-0.173
0.517,0.114,0.061
0,0
91.13786399999981

-0.442,0.002,-0.235
0.076,0.117,-0.173
0.517,0.115,0.061
0,0
91.1567877

-0.442,0.002,-0.235
0.076,0.119,-0.174
0.518,0.117,0.061
0,0
91.1738472999998

-0.442,0.002,-0.235
0.076,0.119,-0.173
0.518,0.117,0.061
0,0
91.19025799999986

-0.442,0.002,-0.234
0.077,0.12,-0.173
0.519,0.118,0.062
0,0
91.20885980000003

-0.442,0.002,-0.234
0.077,0.121,-0.173
0.519,0.119,0.061
0,0
91.22629789999996

-0.442,0.002,-0.234
0.077,0.122,-0.174
0.519,0.12,0.06
0,0
91.24561619999986

-0.442,0.002,-0.234
0.078,0.124,-0.176
0.52,0.122,0.059
0,0
91.26285629999984

-0.442,0.002,-0.234
0.08,0.127,-0.176
0.522,0.125,0.058
0,0
91.27987940000003

-0.442,0.002,-0.234
0.081,0.129,-0.176
0.522,0.126,0.059
0,0
91.30105979999985

-0.442,0.002,-0.234
0.081,0.129,-0.174
0.523,0.127,0.06
0,0
91.31674329999987

-0.441,0.002,-0.234
0.082,0.131,-0.175
0.524,0.128,0.059
0,0
91.33955339999989

-0.441,0.003,-0.234
0.082,0.133,-0.174
0.523,0.13,0.061
0,0
91.35840589999998

-0.441,0.003,-0.234
0.083,0.135,-0.174
0.524,0.132,0.06
0.168,6.28
92.88403279999989

-0.429,0.003,-0.232
0.072,0.106,-0.183
0.5,0.103,0.049
0,0
92.89860479999993

-0.429,0.003,-0.232
0.071,0.104,-0.182
0.5,0.101,0.05
0,0
92.91604299999995

-0.429,0.003,-0.232
0.07,0.102,-0.181
0.499,0.098,0.051
0,0
92.93111999999996

-0.429,0.003,-0.232
0.068,0.098,-0.18
0.497,0.094,0.052
0,0
92.95077849999984

-0.429,0.004,-0.232
0.067,0.096,-0.179
0.496,0.092,0.053
0,0
92.96945499999993

-0.43,0.004,-0.233
0.066,0.094,-0.178
0.495,0.09,0.054
0,0
92.99047199999995

-0.43,0.004,-0.232
0.064,0.091,-0.176
0.493,0.087,0.057
0,0
93.00657359999991

-0.43,0.004,-0.232
0.062,0.089,-0.175
0.492,0.086,0.058
0,0
93.02125499999988

-0.43,0.004,-0.232
0.061,0.088,-0.173
0.491,0.084,0.059
0,0
93.03801939999994

-0.43,0.004,-0.232
0.059,0.086,-0.172
0.489,0.082,0.06
0,0
93.05450499999984

-0.43,0.004,-0.232
0.059,0.086,-0.173
0.489,0.082,0.059
0,0
93.06971859999999

-0.43,0.004,-0.232
0.058,0.086,-0.174
0.488,0.081,0.058
0,0
93.08354499999996

-0.43,0.005,-0.232
0.057,0.086,-0.175
0.487,0.081,0.058
0,0
93.09960639999986

-0.43,0.005,-0.233
0.055,0.088,-0.175
0.485,0.083,0.057
0,0
93.13867609999988

-0.43,0.005,-0.233
0.055,0.089,-0.175
0.485,0.084,0.058
0,0
93.15658789999998

-0.43,0.005,-0.233
0.055,0.089,-0.175
0.485,0.084,0.058
0,0
93.17774009999994

-0.43,0.005,-0.233
0.054,0.091,-0.174
0.485,0.085,0.059
0,0
93.19655069999999

-0.43,0.005,-0.233
0.055,0.092,-0.173
0.485,0.087,0.06
0,0
93.21492009999997

-0.43,0.005,-0.234
0.055,0.095,-0.173
0.485,0.089,0.061
0,0
93.2334672999998

-0.43,0.005,-0.234
0.056,0.096,-0.173
0.486,0.09,0.061
0,0
93.24638519999985

-0.43,0.005,-0.234
0.057,0.098,-0.174
0.487,0.092,0.06
0,0
93.26880529999994

-0.43,0.005,-0.234
0.057,0.101,-0.174
0.488,0.095,0.06
0,0
93.28737869999986

-0.431,0.005,-0.234
0.058,0.104,-0.174
0.489,0.099,0.06
0,0
93.30237039999997

-0.431,0.005,-0.234
0.06,0.106,-0.175
0.49,0.101,0.059
0,0
93.31767969999987

-0.431,0.005,-0.234
0.061,0.108,-0.176
0.492,0.103,0.058
0,0
93.3367088

-0.431,0.005,-0.233
0.063,0.11,-0.177
0.494,0.105,0.056
0,0
93.35794769999984

-0.432,0.005,-0.233
0.065,0.113,-0.179
0.496,0.108,0.054
0,0
93.38147889999982

-0.432,0.005,-0.232
0.067,0.113,-0.18
0.498,0.108,0.053
0,0
93.39842509999994

-0.432,0.004,-0.232
0.067,0.113,-0.18
0.499,0.108,0.052
0,0
93.41478910000001

-0.432,0.004,-0.232
0.068,0.111,-0.179
0.5,0.107,0.053
0,0
93.43303419999984

-0.432,0.004,-0.232
0.068,0.111,-0.179
0.5,0.107,0.054
0,0
93.44847819999995

-0.432,0.004,-0.232
0.069,0.107,-0.176
0.5,0.103,0.057
0,0
93.48851209999998

-0.432,0.004,-0.233
0.068,0.105,-0.174
0.5,0.101,0.058
0,0
93.50376759999995

-0.432,0.004,-0.233
0.067,0.103,-0.175
0.499,0.099,0.058
0,0
93.52490999999986

-0.431,0.004,-0.233
0.067,0.104,-0.174
0.498,0.099,0.059
0,0
93.54183549999993

-0.431,0.004,-0.233
0.067,0.107,-0.174
0.498,0.103,0.059
0,0
93.56570299999998

-0.431,0.004,-0.234
0.068,0.109,-0.175
0.499,0.105,0.058
0,0
93.5858017999999

-0.431,0.004,-0.233
0.068,0.111,-0.176
0.499,0.107,0.057
0,0
93.60244439999997

-0.431,0.004,-0.233
0.069,0.112,-0.177
0.5,0.109,0.056
0,0
93.62160859999994

-0.431,0.004,-0.233
0.07,0.115,-0.179
0.5,0.112,0.054
0,0
93.63948759999994

-0.431,0.004,-0.233
0.07,0.117,-0.179
0.501,0.113,0.054
0,0
93.65533809999988

-0.431,0.004,-0.233
0.071,0.118,-0.18
0.502,0.114,0.054
0,0
93.6735056

-0.43,0.004,-0.234
0.072,0.118,-0.18
0.502,0.114,0.053
0,0
93.6893607999998

-0.43,0.004,-0.234
0.072,0.118,-0.181
0.503,0.114,0.053
0,0
93.70532049999997

-0.43,0.004,-0.234
0.073,0.119,-0.181
0.503,0.115,0.053
0,0
93.7242855999998

-0.43,0.004,-0.234
0.073,0.119,-0.181
0.503,0.115,0.052
0,0
93.74187080000002

-0.43,0.004,-0.234
0.073,0.119,-0.18
0.503,0.114,0.054
0,0
93.75958189999983

-0.43,0.004,-0.233
0.074,0.119,-0.179
0.504,0.115,0.054
0,0
93.77557609999985

-0.43,0.004,-0.233
0.074,0.119,-0.179
0.504,0.115,0.054
0,0
93.79371040000001

-0.43,0.004,-0.233
0.074,0.119,-0.18
0.505,0.115,0.053
0,0
93.81793169999992

-0.43,0.004,-0.233
0.075,0.119,-0.181
0.505,0.115,0.051
0,0
93.83562970000003

-0.43,0.004,-0.233
0.075,0.118,-0.182
0.505,0.115,0.05
0,0
93.8526316

-0.43,0.004,-0.233
0.076,0.118,-0.183
0.506,0.115,0.05
0,0
93.86847009999997

-0.431,0.004,-0.233
0.076,0.119,-0.184
0.506,0.116,0.049
0,0
93.88834169999996

-0.43,0.004,-0.233
0.076,0.12,-0.185
0.507,0.116,0.048
0,0
93.90518339999994

-0.43,0.003,-0.233
0.077,0.119,-0.186
0.507,0.116,0.047
0,0
93.92021239999985

-0.43,0.003,-0.233
0.077,0.119,-0.186
0.506,0.115,0.048
0,0
93.93898969999987

-0.43,0.004,-0.233
0.077,0.119,-0.185
0.507,0.115,0.048
0,0
93.95443189999992

-0.43,0.004,-0.233
0.077,0.118,-0.185
0.507,0.114,0.048
0,0
93.97981879999998

-0.43,0.004,-0.233
0.077,0.117,-0.186
0.507,0.112,0.048
0,0
93.99948399999994

-0.429,0.004,-0.234
0.076,0.114,-0.186
0.506,0.11,0.048
0,0
94.03581639999993

-0.429,0.004,-0.234
0.076,0.113,-0.186
0.505,0.109,0.048
0,0
94.05430009999986

-0.429,0.004,-0.234
0.076,0.112,-0.186
0.505,0.108,0.047
0,0
94.07961049999994

-0.429,0.004,-0.233
0.075,0.11,-0.187
0.504,0.106,0.046
0,0
94.10388839999996

-0.429,0.004,-0.234
0.075,0.11,-0.187
0.504,0.105,0.047
0,0
94.12241180000001

-0.429,0.004,-0.234
0.074,0.109,-0.186
0.503,0.105,0.048
0,0
94.14052959999981

-0.429,0.004,-0.234
0.074,0.108,-0.186
0.502,0.104,0.048
0,0
94.15732749999984

-0.429,0.004,-0.234
0.073,0.107,-0.186
0.502,0.103,0.048
0,0
94.17650979999985

-0.429,0.004,-0.234
0.072,0.107,-0.186
0.501,0.102,0.048
0,0
94.20856189999995

-0.429,0.004,-0.234
0.072,0.106,-0.185
0.5,0.102,0.049
0,0
94.22583209999993

-0.428,0.004,-0.234
0.071,0.105,-0.183
0.5,0.101,0.051
0,0
94.24362599999995

-0.428,0.004,-0.233
0.071,0.105,-0.182
0.5,0.101,0.051
0,0
94.2610545

-0.429,0.004,-0.233
0.071,0.105,-0.183
0.499,0.101,0.05
0,0
94.2845507999998

-0.429,0.004,-0.233
0.071,0.108,-0.182
0.5,0.104,0.051
0,0
94.31127289999995

-0.429,0.004,-0.233
0.071,0.108,-0.181
0.5,0.104,0.052
0,0
94.32964179999999

-0.429,0.004,-0.233
0.071,0.109,-0.181
0.5,0.105,0.052
0,0
94.34737619999987

-0.429,0.004,-0.233
0.073,0.113,-0.184
0.502,0.109,0.049
0,0
94.38930549999986

-0.43,0.004,-0.233
0.074,0.117,-0.186
0.504,0.113,0.047
0,0
94.40981879999981

-0.43,0.004,-0.233
0.076,0.12,-0.187
0.506,0.116,0.046
0,0
94.42752309999992

-0.43,0.004,-0.233
0.077,0.122,-0.187
0.507,0.118,0.046
0,0
94.44676570000001

-0.43,0.004,-0.234
0.078,0.123,-0.187
0.508,0.119,0.047
0,0
94.46353699999986

-0.431,0.004,-0.234
0.079,0.125,-0.187
0.51,0.121,0.047
0,0
94.4853587

-0.431,0.004,-0.235
0.08,0.128,-0.187
0.511,0.124,0.047
0,0
94.49964759999989

-0.431,0.004,-0.235
0.081,0.13,-0.187
0.512,0.126,0.048
0,0
94.52162529999987

-0.432,0.004,-0.235
0.084,0.135,-0.188
0.516,0.131,0.047
0,0
94.54061549999983

-0.432,0.004,-0.234
0.086,0.138,-0.188
0.518,0.134,0.046
0.17,6.28
96.06920799999989

-0.427,0.003,-0.228
0.003,0.007,-0.165
0.43,0.004,0.062
0,0
96.106896

-0.427,0.003,-0.228
0.002,0.006,-0.165
0.429,0.003,0.063
0,0
96.12733789999993

-0.427,0.003,-0.228
0.001,0.005,-0.165
0.428,0.003,0.063
0,0
96.14847509999981

-0.427,0.003,-0.227
0.0,0.005,-0.165
0.427,0.002,0.063
0,0
96.1694074999998

-0.427,0.003,-0.227
-0.0,0.005,-0.165
0.427,0.002,0.062
0,0
96.19154389999994

-0.427,0.003,-0.227
-0.001,0.003,-0.165
0.426,0.0,0.062
0,0
96.20941799999991

-0.427,0.003,-0.227
-0.001,0.001,-0.164
0.426,-0.002,0.063
0,0
96.22581059999993

-0.427,0.003,-0.227
-0.002,-0.0,-0.163
0.425,-0.003,0.064
0,0
96.24223849999998

-0.427,0.003,-0.226
-0.002,-0.001,-0.162
0.425,-0.004,0.064
0,0
96.25853949999987

-0.427,0.003,-0.226
-0.003,-0.003,-0.163
0.424,-0.005,0.064
0,0
96.27575419999994

-0.427,0.003,-0.226
-0.003,-0.001,-0.163
0.424,-0.004,0.063
0,0
96.29841639999995

-0.427,0.003,-0.226
-0.003,-0.0,-0.163
0.424,-0.004,0.062
0,0
96.33378129999983

-0.427,0.003,-0.226
-0.003,-0.0,-0.162
0.424,-0.004,0.063
0,0
96.34857649999981

-0.426,0.003,-0.226
-0.002,0.001,-0.161
0.424,-0.002,0.064
0,0
96.36859499999991

-0.426,0.003,-0.225
-0.002,0.002,-0.161
0.424,-0.001,0.064
0,0
96.38443480000001

-0.426,0.004,-0.225
-0.001,0.005,-0.162
0.425,0.001,0.063
0,0
96.41090959999997

-0.426,0.004,-0.225
-0.001,0.007,-0.162
0.426,0.003,0.063
0,0
96.4314637

-0.426,0.004,-0.225
-0.0,0.008,-0.162
0.426,0.004,0.063
0,0
96.44857069999989

-0.426,0.003,-0.224
0.0,0.009,-0.162
0.426,0.006,0.062
0,0
96.46749819999991

-0.426,0.003,-0.223
0.001,0.011,-0.164
0.427,0.008,0.059
0,0
96.4875305999999

-0.426,0.003,-0.222
0.002,0.014,-0.164
0.428,0.011,0.058
0,0
96.50509579999994

-0.425,0.003,-0.221
0.003,0.017,-0.165
0.429,0.014,0.056
0,0
96.52178819999995

-0.425,0.002,-0.221
0.004,0.02,-0.165
0.429,0.017,0.055
0,0
96.5385260999999

-0.425,0.002,-0.22
0.006,0.022,-0.166
0.43,0.019,0.055
0,0
96.55693780000001

-0.424,0.002,-0.221
0.007,0.024,-0.167
0.431,0.022,0.054
0,0
96.57229399999983

-0.424,0.003,-0.221
0.008,0.026,-0.167
0.432,0.024,0.053
0,0
96.58969639999987

-0.423,0.003,-0.221
0.009,0.028,-0.168
0.432,0.025,0.053
0,0
96.60654290000002

-0.423,0.003,-0.22
0.01,0.031,-0.168
0.434,0.028,0.053
0,0
96.62356969999996

-0.423,0.003,-0.22
0.013,0.033,-0.167
0.436,0.03,0.053
0,0
96.66173259999982

-0.423,0.002,-0.22
0.015,0.034,-0.17
0.438,0.031,0.051
0,0
96.69663979999996

-0.423,0.002,-0.221
0.015,0.034,-0.17
0.438,0.032,0.051
0,0
96.71382319999998

-0.423,0.002,-0.221
0.016,0.035,-0.17
0.439,0.033,0.051
0,0
96.7315896

-0.423,0.002,-0.221
0.016,0.035,-0.17
0.439,0.033,0.05
0,0
96.74973249999994

-0.423,0.002,-0.22
0.017,0.035,-0.17
0.439,0.033,0.05
0,0
96.76785219999988

-0.422,0.002,-0.22
0.017,0.036,-0.171
0.439,0.034,0.05
0,0
96.7894781

-0.422,0.002,-0.22
0.018,0.036,-0.17
0.439,0.034,0.051
0,0
96.8096830999998

-0.422,0.002,-0.22
0.018,0.035,-0.169
0.44,0.033,0.051
0,0
96.83037739999986

-0.421,0.002,-0.22
0.018,0.035,-0.169
0.439,0.033,0.051
0,0
96.85248929999989

-0.421,0.002,-0.221
0.018,0.035,-0.17
0.439,0.033,0.051
0,0
96.86974939999982

-0.421,0.002,-0.221
0.018,0.036,-0.17
0.439,0.034,0.051
0,0
96.8900709999998

-0.421,0.002,-0.221
0.018,0.036,-0.17
0.439,0.034,0.052
0,0
96.9053402999998

-0.421,0.003,-0.222
0.018,0.036,-0.169
0.439,0.033,0.053
0,0
96.92171059999987

-0.421,0.003,-0.222
0.018,0.035,-0.169
0.439,0.032,0.053
0,0
96.93855529999996

-0.421,0.003,-0.222
0.018,0.034,-0.17
0.438,0.031,0.053
0,0
96.95345009999983

-0.42,0.003,-0.222
0.018,0.035,-0.17
0.438,0.032,0.052
0,0
96.98449499999992

-0.42,0.003,-0.222
0.018,0.035,-0.171
0.438,0.032,0.051
0,0
97.01954039999987

-0.421,0.003,-0.222
0.018,0.035,-0.172
0.439,0.032,0.051
0,0
97.03543300000001

-0.42,0.003,-0.223
0.018,0.036,-0.172
0.439,0.032,0.05
0,0
97.05580709999981

-0.42,0.004,-0.223
0.019,0.038,-0.173
0.439,0.034,0.05
0,0
97.07437819999996

-0.42,0.004,-0.223
0.02,0.039,-0.172
0.44,0.035,0.051
0,0
97.095644

-0.42,0.004,-0.223
0.021,0.041,-0.171
0.441,0.037,0.052
0,0
97.11248299999988

-0.42,0.004,-0.223
0.022,0.044,-0.174
0.442,0.04,0.049
0,0
97.14963949999992

-0.42,0.004,-0.223
0.023,0.044,-0.174
0.443,0.04,0.048
0,0
97.16655969999988

-0.42,0.004,-0.222
0.023,0.043,-0.174
0.443,0.039,0.048
0,0
97.18408649999992

-0.42,0.004,-0.222
0.022,0.037,-0.175
0.443,0.034,0.047
0,0
97.21230679999985

-0.42,0.003,-0.222
0.023,0.037,-0.175
0.443,0.034,0.047
0,0
97.2325441999999

-0.42,0.004,-0.222
0.022,0.035,-0.175
0.442,0.032,0.047
0,0
97.25552739999989

-0.42,0.004,-0.222
0.021,0.033,-0.175
0.441,0.029,0.046
0,0
97.27233449999994

-0.42,0.004,-0.222
0.02,0.031,-0.175
0.441,0.027,0.047
0,0
97.28766189999988

-0.42,0.004,-0.222
0.019,0.028,-0.174
0.439,0.024,0.048
0,0
97.30780629999981

-0.42,0.004,-0.222
0.018,0.025,-0.172
0.438,0.021,0.05
0,0
97.32438409999986

-0.42,0.004,-0.222
0.016,0.022,-0.17
0.436,0.018,0.052
0,0
97.341273

-0.42,0.004,-0.222
0.015,0.02,-0.169
0.435,0.017,0.053
0,0
97.3594748999999

-0.42,0.003,-0.222
0.013,0.019,-0.169
0.433,0.016,0.053
0,0
97.3755435999999

-0.42,0.003,-0.222
0.012,0.019,-0.17
0.432,0.015,0.052
0,0
97.39137489999985

-0.42,0.003,-0.222
0.012,0.018,-0.171
0.431,0.015,0.051
0,0
97.41059380000002

-0.42,0.003,-0.222
0.011,0.018,-0.171
0.431,0.015,0.05
0,0
97.42915029999995

-0.42,0.003,-0.221
0.01,0.017,-0.171
0.43,0.014,0.051
0,0
97.44329729999981

-0.42,0.003,-0.221
0.009,0.017,-0.171
0.429,0.014,0.05
0,0
97.46054659999982

-0.42,0.003,-0.222
0.009,0.017,-0.171
0.429,0.014,0.05
0,0
97.48045539999998

-0.42,0.002,-0.222
0.009,0.017,-0.171
0.429,0.014,0.051
0,0
97.49634040000001

-0.42,0.003,-0.222
0.008,0.015,-0.169
0.428,0.013,0.053
0,0
97.54354799999987

-0.42,0.003,-0.221
0.008,0.015,-0.169
0.428,0.013,0.052
0,0
97.55954669999983

-0.42,0.002,-0.221
0.008,0.016,-0.169
0.428,0.014,0.051
0,0
97.57819410000002

-0.42,0.002,-0.22
0.008,0.017,-0.169
0.429,0.015,0.051
0,0
97.59331989999987

-0.421,0.002,-0.22
0.008,0.017,-0.17
0.429,0.015,0.05
0,0
97.61272169999984

-0.421,0.002,-0.219
0.008,0.017,-0.17
0.429,0.015,0.05
0,0
97.63036249999982

-0.421,0.001,-0.219
0.008,0.017,-0.17
0.429,0.015,0.049
0,0
97.647557

-0.421,0.001,-0.218
0.008,0.016,-0.17
0.429,0.015,0.048
0,0
97.6688881

-0.421,0.001,-0.217
0.008,0.016,-0.17
0.429,0.014,0.047
0,0
97.68668809999986

-0.421,0.001,-0.217
0.008,0.015,-0.171
0.429,0.014,0.046
0,0
97.70639159999996

-0.421,0.001,-0.216
0.008,0.014,-0.171
0.429,0.013,0.045
0,0
97.72395219999999

-0.421,0.0,-0.215
0.007,0.012,-0.17
0.428,0.012,0.045
0,0
97.74347699999998

-0.421,-0.001,-0.213
0.007,0.012,-0.17
0.428,0.012,0.043
0,0
97.75968669999997

-0.421,-0.001,-0.212
0.007,0.011,-0.171
0.428,0.012,0.042
0,0
97.77751869999997

-0.421,-0.004,-0.207
0.006,0.01,-0.171
0.426,0.013,0.037
0,0
97.81645849999995

-0.421,-0.005,-0.204
0.005,0.009,-0.169
0.426,0.014,0.034
0,0
97.83487739999987

-0.421,-0.007,-0.2
0.005,0.007,-0.168
0.425,0.014,0.032
0,0
97.85405960000003

-0.421,-0.009,-0.196
0.004,0.006,-0.168
0.425,0.014,0.028
0,0
97.8698273

-0.42,-0.01,-0.192
0.004,0.005,-0.167
0.424,0.015,0.025
0,0
97.88466889999995

-0.42,-0.012,-0.188
0.003,0.004,-0.167
0.424,0.016,0.021
0,0
97.9015382

-0.421,-0.014,-0.181
0.003,0.004,-0.169
0.423,0.018,0.013
0,0
97.9277783

-0.421,-0.018,-0.171
0.002,0.005,-0.169
0.422,0.023,0.002
0,0
97.94239049999987

-0.421,-0.02,-0.166
0.002,0.007,-0.167
0.423,0.026,-0.001
0,0
97.97766979999983

-0.421,-0.026,-0.149
0.001,0.006,-0.166
0.422,0.032,-0.017
0,0
97.99347449999982

-0.42,-0.028,-0.143
0.001,0.005,-0.167
0.422,0.033,-0.024
0,0
98.00859229999992

-0.42,-0.029,-0.139
0.001,0.005,-0.17
0.42,0.034,-0.031
0,0
98.0267781

-0.418,-0.03,-0.134
0.001,0.005,-0.173
0.419,0.036,-0.038
0,0
98.0437058

-0.417,-0.031,-0.13
0.001,0.007,-0.175
0.418,0.038,-0.045
0,0
98.05964919999997

-0.416,-0.032,-0.126
0.001,0.009,-0.175
0.417,0.041,-0.049
0,0
98.07646339999997

-0.414,-0.033,-0.12
0.002,0.011,-0.173
0.416,0.044,-0.054
0,0
98.0994870999998

-0.41,-0.036,-0.11
0.003,0.01,-0.171
0.413,0.046,-0.061
0,0
98.11639739999987

-0.407,-0.037,-0.102
0.003,0.009,-0.17
0.41,0.047,-0.067
0,0
98.1347718999998

-0.403,-0.042,-0.087
0.003,0.007,-0.169
0.406,0.049,-0.082
0,0
98.15449960000001

-0.401,-0.047,-0.074
0.002,0.005,-0.167
0.403,0.052,-0.093
0,0
98.17162989999997

-0.398,-0.051,-0.06
0.002,0.004,-0.167
0.399,0.056,-0.107
0,0
98.1905800999998

-0.394,-0.055,-0.047
0.001,0.004,-0.169
0.395,0.06,-0.122
0,0
98.21033939999984

-0.389,-0.059,-0.034
0.001,0.005,-0.17
0.391,0.064,-0.136
0.174,1.57
99.7330841999999

0.014,0.018,0.042
0.009,0.054,-0.007
-0.005,0.036,-0.049
0,0
99.74985709999987

0.014,0.018,0.04
0.01,0.055,-0.007
-0.004,0.037,-0.048
0,0
99.76970259999985

0.019,0.019,0.044
0.011,0.054,-0.008
-0.008,0.035,-0.052
0,0
99.78868829999988

0.023,0.019,0.044
0.012,0.053,-0.008
-0.012,0.034,-0.053
0,0
99.80807600000003

0.026,0.02,0.044
0.012,0.052,-0.008
-0.014,0.033,-0.052
0,0
99.82699979999984

0.028,0.02,0.042
0.013,0.052,-0.008
-0.015,0.032,-0.05
0,0
99.84498639999993

0.028,0.019,0.041
0.013,0.051,-0.007
-0.015,0.032,-0.048
0,0
99.86084159999996

0.026,0.018,0.04
0.013,0.05,-0.005
-0.014,0.032,-0.045
0,0
99.87995119999982

0.026,0.016,0.041
0.011,0.048,-0.003
-0.014,0.032,-0.043
0,0
99.90046669999992

0.024,0.013,0.041
0.01,0.047,-0.001
-0.014,0.033,-0.043
0,0
99.9177651

0.017,0.008,0.041
0.009,0.046,-0.001
-0.009,0.038,-0.042
0,0
99.94336009999984

0.015,0.006,0.041
0.007,0.046,-0.001
-0.007,0.04,-0.043
0,0
99.96051659999989

0.014,0.005,0.042
0.006,0.046,-0.001
-0.008,0.041,-0.043
0,0
99.98138089999998

0.012,0.003,0.042
0.005,0.045,0.0
-0.007,0.042,-0.042
0,0
99.99807650000002

0.01,0.001,0.042
0.005,0.044,0.0
-0.006,0.043,-0.042
0,0
100.0165723

0.009,-0.0,0.042
0.004,0.043,0.0
-0.005,0.044,-0.042
0,0
100.03271410000002

0.009,-0.0,0.042
0.003,0.043,0.001
-0.006,0.043,-0.041
0,0
100.0484093

0.01,-0.0,0.043
0.003,0.042,0.001
-0.007,0.042,-0.041
0,0
100.06583799999999

0.011,0.0,0.042
0.002,0.041,0.002
-0.009,0.041,-0.04
0,0
100.08288619999985

0.012,0.0,0.042
0.002,0.04,0.002
-0.01,0.04,-0.04
0,0
100.10108429999991

0.013,0.001,0.042
0.001,0.04,0.003
-0.012,0.039,-0.04
0,0
100.11622009999996

0.014,0.001,0.042
0.0,0.038,0.003
-0.014,0.037,-0.039
0,0
100.13349249999987

0.015,0.002,0.043
-0.001,0.038,0.003
-0.015,0.036,-0.04
0,0
100.150394

0.015,0.002,0.044
-0.001,0.037,0.003
-0.017,0.035,-0.04
0,0
100.1695530999998

0.015,0.003,0.045
-0.002,0.037,0.003
-0.017,0.034,-0.041
0,0
100.18499469999983

0.014,0.004,0.045
-0.003,0.037,0.003
-0.017,0.033,-0.042
0,0
100.19937699999991

0.013,0.004,0.046
-0.003,0.037,0.003
-0.016,0.034,-0.043
0,0
100.21665469999994

0.012,0.004,0.046
-0.003,0.038,0.002
-0.016,0.033,-0.044
0,0
100.23674239999991

0.011,0.005,0.045
-0.004,0.037,0.002
-0.015,0.033,-0.043
0,0
100.25467559999993

0.01,0.006,0.043
-0.005,0.037,0.001
-0.015,0.031,-0.042
0,0
100.29909659999998

0.011,0.009,0.043
-0.005,0.036,0.002
-0.015,0.027,-0.041
0,0
100.31770299999994

0.011,0.01,0.042
-0.005,0.036,0.002
-0.016,0.026,-0.04
0,0
100.33358909999993

0.011,0.011,0.042
-0.005,0.036,0.002
-0.016,0.024,-0.04
0,0
100.3512103999999

0.011,0.012,0.041
-0.005,0.035,0.002
-0.016,0.023,-0.039
0,0
100.36855199999991

0.012,0.014,0.041
-0.005,0.035,0.003
-0.017,0.021,-0.038
0,0
100.38455520000002

0.013,0.015,0.04
-0.005,0.035,0.003
-0.018,0.02,-0.037
0,0
100.40209269999991

0.013,0.016,0.04
-0.006,0.034,0.004
-0.019,0.019,-0.036
0,0
100.41888389999986

0.014,0.016,0.04
-0.006,0.034,0.004
-0.019,0.018,-0.036
0,0
100.43437569999992

0.014,0.017,0.04
-0.006,0.035,0.004
-0.02,0.017,-0.036
0,0
100.4545979999998

0.014,0.018,0.041
-0.006,0.035,0.004
-0.021,0.017,-0.037
0,0
100.47250969999982

0.013,0.017,0.04
-0.007,0.035,0.003
-0.019,0.019,-0.037
0,0
100.49052229999984

0.01,0.015,0.039
-0.007,0.036,0.003
-0.017,0.021,-0.036
0,0
100.50784399999998

0.008,0.014,0.039
-0.007,0.037,0.002
-0.014,0.023,-0.036
0,0
100.5276543

0.005,0.012,0.038
-0.007,0.037,0.002
-0.012,0.026,-0.036
0,0
100.54251699999986

0.003,0.01,0.037
-0.007,0.037,0.002
-0.01,0.027,-0.035
0,0
100.5606444

0.0,0.008,0.035
-0.007,0.037,0.002
-0.007,0.029,-0.034
0,0
100.57701769999994

-0.002,0.006,0.034
-0.007,0.036,0.002
-0.005,0.03,-0.033
0,0
100.59351819999983

-0.006,0.003,0.033
-0.007,0.037,0.001
-0.002,0.033,-0.032
0,0
100.61187229999996

-0.009,0.001,0.033
-0.008,0.037,0.0
0.002,0.037,-0.033
0,0
100.62759540000002

-0.01,0.0,0.034
-0.008,0.038,0.0
0.003,0.038,-0.033
0,0
100.64574479999987

-0.011,-0.0,0.034
-0.008,0.037,-0.0
0.003,0.038,-0.034
0,0
100.66967809999983

-0.013,-0.002,0.034
-0.008,0.038,-0.002
0.005,0.04,-0.036
0,0
100.71239679999985

-0.016,-0.006,0.036
-0.008,0.038,-0.002
0.008,0.044,-0.037
0,0
100.72980499999994

-0.016,-0.006,0.036
-0.008,0.038,-0.001
0.008,0.043,-0.037
0,0
100.74833939999985

-0.015,-0.005,0.037
-0.008,0.038,-0.0
0.006,0.043,-0.037
0,0
100.7656528

-0.014,-0.007,0.04
-0.009,0.037,0.001
0.005,0.044,-0.038
0,0
100.7846520999999

-0.013,-0.009,0.043
-0.009,0.037,0.003
0.004,0.046,-0.04
0,0
100.80352299999981

-0.011,-0.009,0.045
-0.009,0.037,0.003
0.002,0.045,-0.041
0,0
100.82106879999992

-0.008,-0.008,0.046
-0.01,0.036,0.004
-0.002,0.044,-0.042
0,0
100.84088459999998

-0.004,-0.008,0.049
-0.01,0.036,0.005
-0.006,0.044,-0.044
0,0
100.85988209999982

-0.001,-0.008,0.052
-0.01,0.035,0.005
-0.009,0.043,-0.046
0,0
100.87835039999982

0.001,-0.008,0.054
-0.011,0.035,0.006
-0.012,0.043,-0.048
0,0
100.90052109999988

0.005,-0.007,0.057
-0.01,0.034,0.005
-0.015,0.041,-0.051
0,0
100.92161759999999

0.009,-0.005,0.058
-0.01,0.033,0.003
-0.019,0.038,-0.056
0,0
100.93864269999995

0.014,-0.003,0.059
-0.01,0.032,0.0
-0.024,0.035,-0.059
0,0
100.95483409999997

0.017,-0.001,0.06
-0.01,0.032,-0.001
-0.028,0.033,-0.061
0,0
100.96944439999993

0.021,0.0,0.061
-0.011,0.032,-0.001
-0.031,0.031,-0.063
0,0
100.98767439999983

0.026,0.002,0.062
-0.011,0.031,-0.001
-0.036,0.029,-0.063
0,0
101.0044914

0.03,0.003,0.063
-0.011,0.03,0.001
-0.042,0.027,-0.062
0,0
101.02364969999985

0.034,0.004,0.064
-0.012,0.029,0.003
-0.046,0.025,-0.061
0,0
101.04274499999997

0.036,0.004,0.065
-0.012,0.028,0.006
-0.048,0.025,-0.058
0,0
101.05956219999985

0.04,0.003,0.065
-0.012,0.027,0.008
-0.052,0.024,-0.057
0,0
101.07887819999996

0.046,0.003,0.066
-0.012,0.025,0.01
-0.058,0.023,-0.056
0,0
101.09949929999993

0.046,0.002,0.066
-0.012,0.024,0.01
-0.058,0.022,-0.056
0,0
101.11644939999996

0.044,0.002,0.066
-0.012,0.024,0.009
-0.056,0.022,-0.057
0,0
101.1335016999999

0.043,0.0,0.066
-0.013,0.023,0.006
-0.055,0.022,-0.06
0,0
101.15340079999987

0.042,-0.001,0.067
-0.013,0.022,0.003
-0.055,0.023,-0.063
0,0
101.16764879999982

0.041,-0.002,0.068
-0.013,0.022,0.001
-0.054,0.024,-0.068
0,0
101.18580079999992

0.041,-0.004,0.07
-0.013,0.021,-0.0
-0.054,0.025,-0.07
0,0
101.19955229999982

0.04,-0.006,0.073
-0.013,0.021,-0.0
-0.054,0.027,-0.073
0,0
101.21661410000002

0.039,-0.01,0.082
-0.014,0.02,0.002
-0.053,0.031,-0.08
0,0
101.2384861999999

0.039,-0.013,0.089
-0.014,0.02,0.004
-0.053,0.033,-0.086
0,0
101.25427949999994

0.04,-0.018,0.101
-0.014,0.019,0.005
-0.054,0.037,-0.095
0,0
101.27268419999996

0.038,-0.02,0.106
-0.015,0.019,0.007
-0.053,0.039,-0.099
0,0
101.29078489999984

0.039,-0.023,0.112
-0.015,0.018,0.008
-0.054,0.041,-0.104
0,0
101.3046804999999

0.042,-0.028,0.125
-0.015,0.018,0.008
-0.057,0.046,-0.117
0,0
101.3250931

0.047,-0.029,0.134
-0.015,0.018,0.007
-0.062,0.047,-0.128
0,0
101.34602819999986

0.052,-0.037,0.151
-0.015,0.018,0.005
-0.067,0.056,-0.146
0.185,1.57
102.87253639999994

0.999,0.172,0.564
0.006,0.044,-0.006
-0.992,-0.128,-0.57
102.87253639999994